# Created by Octave 4.2.2, Wed Aug 01 16:54:52 2018 CEST <arun@hplaptop>
# name: vect_mad
# type: matrix
# rows: 1
# columns: 631
 0.3221450617283951 0.004436728395061728 2.967785493827161 1.841628086419753 2.781828703703704 2.896797839506173 2.57445987654321 2.825038580246914 2.50462962962963 2.730516975308642 2.949845679012346 3.202160493827161 3.396990740740741 3.64891975308642 4.105516975308642 3.653935185185185 4.264660493827161 3.91724537037037 3.596643518518519 4.241898148148148 4.987847222222222 4.700424382716049 5.560763888888889 6.300154320987654 6.362654320987654 5.028356481481482 6.423996913580247 6.196180555555555 6.30150462962963 6.762538580246914 6.244212962962963 3.295910493827161 6.903935185185185 6.380979938271605 7.047260802469136 3.91087962962963 8.095100308641975 7.733410493827161 7.458140432098766 8.455632716049383 7.874807098765432 6.033950617283951 8.577546296296296 9.092592592592593 4.83275462962963 7.626929012345679 8.008294753086419 8.084683641975309 7.311149691358025 4.38425925925926 4.168402777777778 5.192708333333333 5.384452160493828 5.472993827160494 6.285300925925926 5.603973765432099 5.938271604938271 5.09375 5.186921296296297 4.601273148148148 5.625 3.195987654320988 3.732445987654321 2.94212962962963 3.228587962962963 3.973186728395062 8.389274691358025 7.233410493827161 5.763888888888889 6.493055555555555 5.291666666666667 7.348572530864198 7.159143518518518 4.442901234567901 7.556905864197531 9.145640432098766 7.492283950617284 4.116126543209877 6.18016975308642 7.189236111111111 6.009837962962963 5.916666666666667 4.47704475308642 5.918016975308642 6.49537037037037 5.712191358024691 5.924961419753086 2.525462962962963 7.778935185185185 5.606481481481482 2.667824074074074 5.572723765432099 4.923996913580247 5.122299382716049 5.336033950617284 2.805555555555555 4.036651234567901 5.215277777777778 3.177469135802469 3.838348765432099 4.654513888888889 3.406442901234568 3.630787037037037 3.997106481481481 2.961998456790123 3.947530864197531 2.148148148148148 2.834297839506173 3.682484567901235 2.874035493827161 3.677276234567901 2.719521604938272 3.350115740740741 3.702932098765432 2.27391975308642 2.033371913580247 2.424382716049383 2.247299382716049 2.186921296296296 3.817322530864197 2.528549382716049 2.808256172839506 2.857638888888889 2.531828703703704 0.6624228395061729 0.8416280864197531 0.7717978395061729 1.099344135802469 1.07349537037037 1.198302469135802 1.092206790123457 1.443094135802469 1.027777777777778 1.468557098765432 1.806327160493827 1.725115740740741 1.578317901234568 2.141396604938272 2.106288580246914 2.271797839506173 2.609182098765432 2.695987654320988 2.735918209876543 2.627314814814815 2.347608024691358 2.780478395061728 2.960069444444445 3.416280864197531 3.719521604938272 4.234182098765432 4.529320987654321 4.895833333333333 4.816936728395062 4.768325617283951 4.758101851851852 4.690586419753086 4.555941358024691 3.517361111111111 2.339506172839506 2.111304012345679 1.824266975308642 1.648533950617284 1.745177469135802 1.699652777777778 1.674382716049383 1.623263888888889 1.86033950617284 1.517746913580247 1.678047839506173 1.785108024691358 2.163387345679012 1.297260802469136 2.241512345679012 1.569251543209877 1.97241512345679 3.063657407407407 2.62133487654321 4.002314814814815 3.405092592592593 4.91087962962963 4.942901234567901 7.168595679012346 6.621141975308642 6.896604938271605 7.101466049382716 8.360918209876543 10.01118827160494 12.94868827160494 13.42380401234568 13.41570216049383 14.65239197530864 17.51388888888889 18.67689043209877 19.0829475308642 17.90239197530864 17.84047067901234 17.33815586419753 15.00038580246914 12.41377314814815 12.18865740740741 12.36689814814815 12.78086419753086 11.64834104938272 10.16280864197531 7.916280864197531 7.030285493827161 6.706404320987654 7.221064814814815 5.923804012345679 5.450810185185185 5.533371913580247 6.422260802469136 6.293981481481482 7.038773148148148 8.083719135802468 10.45486111111111 9.420138888888889 9.461033950617283 12.89467592592593 14.27256944444444 13.64274691358025 13.9315200617284 13.35050154320988 12.59548611111111 11.40316358024691 10.2920524691358 11.04976851851852 11.46797839506173 10.90374228395062 12.0306712962963 11.36091820987654 11.27141203703704 12.22762345679012 12.30092592592593 12.89216820987654 13.62654320987654 14.78549382716049 13.66820987654321 13.74054783950617 12.50520833333333 11.96122685185185 11.39814814814815 10.49363425925926 9.406442901234568 8.563850308641975 7.895447530864198 7.144097222222222 7.257137345679013 6.176311728395062 5.163966049382716 4.382137345679013 2.757908950617284 2.037229938271605 2.348765432098765 3.861689814814815 5.281442901234568 8.845486111111111 12.53433641975309 12.41068672839506 13.12962962962963 13.85628858024691 13.30806327160494 13.71006944444444 14.60223765432099 15.75096450617284 13.2920524691358 13.5889274691358 12.85416666666667 12.47164351851852 13.3389274691358 12.83603395061728 12.85802469135803 13.74363425925926 13.30073302469136 13.49768518518519 12.55401234567901 11.82503858024691 10.50192901234568 8.796489197530864 6.845293209876544 8.037229938271604 5.45949074074074 6.315393518518518 5.263888888888889 5.499807098765432 4.631558641975309 7.130208333333333 6.503279320987654 6.440007716049383 6.901813271604938 8.277391975308642 8.075617283950617 8.141203703703704 8.606674382716049 8.743441358024691 8.833333333333334 9.66724537037037 10.0216049382716 9.658950617283951 6.100501543209877 40.50829475308642 2.505015432098765 4.907793209876544 5.105131172839506 3.983989197530864 4.350501543209877 4.087962962962963 4.566936728395062 4.248456790123456 4.151813271604938 4.846450617283951 5.300925925925926 6.532600308641975 8.640817901234568 8.383680555555555 7.658950617283951 4.63695987654321 3.100694444444445 1.820023148148148 2.991512345679012 2.051311728395062 3.029128086419753 2.572530864197531 2.504050925925926 3.338541666666667 2.994598765432099 2.49537037037037 2.00733024691358 2.38599537037037 2.654706790123457 2.941743827160494 2.769483024691358 3.190007716049383 3.711998456790123 3.662037037037037 4.002314814814815 4.967978395061729 6.412422839506172 9.119020061728396 14.54726080246914 20.7758487654321 18.17496141975309 15.29282407407407 14.62596450617284 13.80922067901234 14.2241512345679 12.38966049382716 10.68190586419753 11.39197530864197 11.07503858024691 9.499421296296296 8.983796296296296 7.836612654320987 7.377507716049383 6.604552469135802 6.39699074074074 5.91261574074074 6.117091049382716 7.297453703703703 9.119791666666666 10.18306327160494 9.976658950617283 10.38117283950617 7.334104938271605 3.014274691358025 4.860339506172839 6.052662037037037 5.701003086419753 4.269097222222222 5.903935185185185 5.95775462962963 5.123649691358025 5.500771604938271 5.29224537037037 4.595679012345679 6.309606481481482 5.27758487654321 3.924575617283951 2.747685185185185 2.991126543209877 2.995563271604938 4.482445987654321 2.775270061728395 5.109760802469136 3.032600308641975 3.295910493827161 5.364969135802469 3.536458333333333 4.39699074074074 4.930941358024691 5.516010802469136 6.358603395061729 7.962191358024691 7.400655864197531 9.66087962962963 11.34683641975309 8.510223765432098 8.372492283950617 9.381172839506172 7.96875 8.579475308641975 9.91261574074074 10.88618827160494 11.79610339506173 9.72511574074074 7.868827160493828 7.184413580246914 8.694058641975309 9.154899691358025 8.048032407407407 10.03954475308642 13.49382716049383 14.13001543209877 7.016975308641975 5.662037037037037 11.03703703703704 9.946373456790123 7.654899691358025 5.804783950617284 5.602816358024691 7.75366512345679 7.92824074074074 7.422839506172839 6.512538580246914 5.570216049382716 3.073688271604938 5.763117283950617 7.460262345679013 6.81886574074074 6.01099537037037 6.931905864197531 7.221450617283951 7.377507716049383 9.146604938271604 8.878472222222221 7.086226851851852 7.258680555555555 11.50868055555556 16.08622685185185 16.80748456790123 17.83545524691358 