# Created by Octave 4.2.2, Wed Feb 06 23:19:56 2019 CET <arun@hplaptop>
# name: vect_mad
# type: matrix
# rows: 1
# columns: 124
 2.809413580246914 2.747492283950617 2.976273148148148 3.938271604938272 4.737461419753086 5.046875 2.527006172839506 5.037422839506172 4.149691358024691 4.032214506172839 3.791473765432099 1.955246913580247 1.691358024691358 0.9618055555555556 0.8439429012345679 1.07445987654321 0.4826388888888889 0.5951003086419753 1.235532407407407 1.02025462962963 1.266396604938272 0.8003472222222222 0.9317129629629629 0.8784722222222222 1.168981481481481 0.8520447530864198 0.9436728395061729 1.391396604938272 1.734567901234568 1.940393518518519 2.290509259259259 0.1415895061728395 2.200617283950617 2.597608024691358 2.721257716049383 2.247492283950617 2.303626543209877 2.315393518518519 1.650848765432099 1.73533950617284 0.7737268518518519 1.164930555555556 1.179976851851852 1.126350308641975 1.072530864197531 0.8011188271604939 0.8535879629629629 0.658179012345679 1.404899691358025 0.8873456790123457 0.7112268518518519 1.31153549382716 1.388310185185185 0.8937114197530864 1.502893518518519 1.930941358024691 0.2201003086419753 2.375578703703704 2.195216049382716 2.751929012345679 3.210262345679012 3.78125 4.054783950617284 3.575424382716049 3.339313271604938 3.208333333333333 2.74633487654321 3.838927469135803 5.024112654320987 4.286072530864198 3.822145061728395 3.408757716049383 3.304591049382716 3.466049382716049 2.809413580246914 3.330825617283951 3.446759259259259 3.848186728395062 4.212577160493828 4.383101851851852 4.606095679012346 0.1388888888888889 4.675925925925926 4.968557098765432 5.597800925925926 5.98900462962963 5.448302469135802 4.99363425925926 5.034529320987654 4.841628086419753 4.993827160493828 5.180748456790123 4.996720679012346 5.114197530864198 4.942515432098766 4.204282407407407 4.168981481481482 4.064043209876544 4.178626543209877 4.712577160493828 5.392361111111111 5.856481481481482 5.479552469135802 4.872106481481482 4.261381172839506 4.189236111111111 0.05285493827160494 3.974922839506173 4.033950617283951 76.8528163580247 0.01253858024691358 0.00308641975308642 0.002893518518518518 0.005015432098765432 0.00308641975308642 0.004436728395061728 0.0009645061728395061 0.001929012345679012 0.00154320987654321 0.0009645061728395061 0.002121913580246913 0.02797067901234568 0.07040895061728394 0.109375


