# Created by Octave 4.2.2, Wed Aug 01 16:51:37 2018 CEST <arun@hplaptop>
# name: vect_msd
# type: matrix
# rows: 1
# columns: 451
 1.020640432098765 0.6957947530864198 203.1176697530864 213.3070987654321 222.0939429012346 236.2930169753086 239.4398148148148 292.4550540123457 301.6678240740741 309.9814814814815 570.1001157407408 987.5358796296297 1236.262538580247 1510.157021604938 1834.178433641975 2127.546682098765 2601.702546296296 3140.060956790123 3276.635416666667 3206.224922839506 3037.303047839506 2979.481867283951 2993.491512345679 2914.62962962963 2724.117476851852 2365.564043209877 2022.18537808642 1672.702160493827 1104.343171296296 1009.156442901235 947.0212191358024 795.1475694444445 651.9396219135803 480.3838734567901 503.2617669753087 403.8740354938271 368.4648919753087 457.1616512345679 472.7314814814815 589.0607638888889 645.8499228395061 382.7208719135803 625.3883101851852 704.0081018518518 669.7777777777778 979.8412422839506 873.0208333333334 546.2237654320987 378.2432484567901 274.5752314814815 281.0293209876543 432.9002700617284 414.5233410493827 501.2567515432099 430.0262345679012 522.0086805555555 644.8391203703703 599.757137345679 483.1614583333333 379.485725308642 361.3200231481482 473.4706790123457 778.4473379629629 1001.582561728395 1070.840856481482 1849.464313271605 2042.817708333333 2374.387538580247 4041.802662037037 5708.934220679012 4534.847029320988 3883.186921296296 4056.219135802469 2735.576388888889 2693.65162037037 2897.504822530864 1848.497299382716 1369.437307098765 355.6990740740741 214.0941358024691 288.4689429012346 386.7636959876543 433.1653163580247 448.2748842592592 331.0619212962963 336.379436728395 341.0545910493827 259.7222222222222 185.8236882716049 177.3142361111111 136.9920910493827 97.953125 107.3699845679012 107.2042824074074 82.89332561728395 107.0177469135803 107.068287037037 120.9645061728395 119.7469135802469 98.9675925925926 102.0511188271605 103.5416666666667 97.90644290123457 88.70640432098766 71.48051697530865 64.39197530864197 55.51774691358025 106.5869984567901 132.7002314814815 99.13233024691358 140.475887345679 174.2260802469136 175.1273148148148 183.1890432098765 271.7094907407408 1108.021797839506 4307.947337962963 4989.232060185185 3446.115740740741 3295.939814814815 2833.00212191358 993.5879629629629 521.9162808641976 145.3879243827161 112.6670524691358 103.3234953703704 98.484375 88.09220679012346 133.7156635802469 70.82754629629629 55.00636574074074 73.11902006172839 43.35204475308642 58.68422067901235 66.29166666666667 141.8030478395062 172.2671682098765 114.728587962963 129.9112654320988 136.1489197530864 89.86033950617283 121.2309027777778 126.9594907407407 230.8825231481482 203.5036651234568 231.9382716049383 208.8886959876543 224.5196759259259 268.5470679012346 279.2312885802469 12926.88599537037 39.44135802469136 90.7295524691358 96.04224537037037 93.13985339506173 63.0522762345679 88.83641975308642 95.79070216049382 92.02237654320987 90.484375 111.8086419753086 122.8402777777778 160.2432484567901 256.2226080246913 247.2922453703704 211.3236882716049 109.9810956790123 44.96527777777778 26.11554783950617 30.33989197530864 40.6087962962963 74.04648919753086 63.75848765432099 53.49131944444444 60.61207561728395 71.75810185185185 45.1574074074074 33.13618827160494 43.4735725308642 39.73456790123457 58.52237654320987 67.05574845679013 77.86979166666667 98.49942129629629 99.03356481481481 109.5092592592593 135.4108796296296 166.0034722222222 273.0206404320988 532.2926311728395 884.5929783950618 703.0534336419753 543.7677469135803 495.0773533950617 459.688850308642 485.7002314814815 373.9363425925926 312.1116898148148 359.2596450617284 362.4882330246913 331.9238040123457 314.266975308642 237.7555941358025 192.8204089506173 214.8271604938272 186.2708333333333 163.7328317901235 176.5684799382716 220.6902006172839 345.1788194444445 329.7027391975309 319.6826774691358 323.1902006172839 230.6292438271605 95.93248456790124 173.2037037037037 221.1163194444445 235.4066358024691 149.9253472222222 215.7777777777778 229.9639274691358 202.1618441358025 215.9992283950617 207.5310570987654 173.4494598765432 230.9959490740741 219.3458719135803 151.2953317901235 69.75308641975309 96.87847222222223 83.46199845679013 114.2301311728395 91.05536265432099 134.5719521604938 113.6363811728395 88.77777777777777 198.829475308642 101.6568287037037 189.4456018518518 177.6149691358025 211.1437114197531 243.5449459876543 289.6998456790124 269.7891589506173 324.3722993827161 537.1215277777778 352.2490354938271 324.9211033950617 389.5941358024691 345.4845679012346 337.4969135802469 400.8119212962963 441.1141975308642 439.3084490740741 343.2316743827161 254.3341049382716 164.5154320987654 226.022762345679 295.1444830246913 244.5904706790124 374.6020447530864 459.2029320987654 482.6844135802469 222.6543209876543 138.9035493827161 352.798225308642 337.4749228395062 253.5534336419753 182.1743827160494 178.0738811728395 238.3871527777778 224.1712962962963 220.164737654321 201.2162422839506 171.4760802469136 52.45601851851852 156.1875 193.6952160493827 224.6224922839506 195.1969521604938 230.7054398148148 241.662037037037 235.3377700617284 301.454475308642 296.4143518518518 197.5893132716049 242.9712577160494 445.6873070987654 784.4002700617284 967.451774691358 1083.418788580247 1401.555941358025 972.9347993827161 858.4135802469136 733.2118055555555 683.9579475308642 557.9683641975308 571.1412037037037 815.6417824074074 948.6149691358024 2929.070794753086 0 234.4411651234568 245.9768518518518 241.3406635802469 260.0233410493827 253.9594907407407 264.4836033950617 340.3194444444445 421.6903935185185 444.7418981481482 412.2461419753087 258.3935185185185 209.5679012345679 229.0364583333333 286.4226466049383 271.7739197530864 273.203125 268.6680169753087 218.1919367283951 303.4344135802469 228.6195987654321 146.5580632716049 230.3505015432099 236.3348765432099 163.2029320987654 129.2056327160494 87.08198302469135 39.37480709876543 28.4789737654321 40.83121141975309 31.57349537037037 32.1099537037037 23.69328703703704 12.87962962962963 9.747685185185185 6.312307098765432 8.436921296296296 10.05979938271605 8.419753086419753 10.92515432098766 40.51138117283951 41.9897762345679 21.05015432098766 25.38966049382716 33.56172839506173 48.83622685185185 86.1940586419753 102.6342592592593 119.9845679012346 138.444637345679 103.6298225308642 174.5345293209876 235.242862654321 229.0779320987654 240.1188271604938 290.9631558641975 247.5021219135803 185.9706790123457 166.5349151234568 137.6388888888889 157.1336805555555 197.5233410493827 191.5663580246914 322.3559027777778 357.4002700617284 539.6846064814815 474.9890046296296 435.8512731481482 541.776813271605 427.8993055555555 340.5862268518518 378.3290895061729 397.9311342592592 508.8748070987654 428.443287037037 1090.730131172839 1259.957175925926 793.8721064814815 417.5198688271605 215.1005015432099 252.3512731481482 234.904899691358 220.3875385802469 112.8063271604938 106.146412037037 275.3312114197531 465.6591435185185 597.0846836419753 698.542438271605 744.4184027777778 877.4783950617284 954.5536265432099 740.4402006172839 458.1670524691358 481.9020061728395 515.5262345679013 551.6155478395061 431.4652777777778 205.9699074074074 260.8371913580247 357.2289737654321 669.076774691358 546.2997685185185 510.0675154320988 388.1030092592592 160.3229166666667 149.6529706790124 260.3657407407408 504.5590277777778 453.9747299382716 415.7517361111111 484.9502314814815 438.3886959876543 446.0815972222222 511.5005787037037 502.7625385802469 288.5663580246913 243.7878086419753 337.3387345679012 340.0354938271605 393.5987654320988 494.8049768518518 670.0661651234568 718.1849922839506 641.3778935185185 573.6687885802469 511.0486111111111 451.6091820987654 313.8206018518518 237.03125 178.7253086419753 176.5748456790124 129.7451774691358 156.6792052469136 85.25366512345678 46.33699845679013 73.45679012345678 80.74594907407408 74.31500771604938 32.32735339506173 23.42071759259259 