# Created by Octave 4.2.2, Mon Aug 06 10:54:47 2018 CEST <arun@hplaptop>
# name: korelbak
# type: matrix
# rows: 1
# columns: 961
 0.02924972542118055 0.04650738152275988 0.0587715097976047 0.06185707262455473 0.06708787026047885 0.06948957446507494 0.06889141525746897 0.06980094793455113 0.07294870219361209 0.07514588601669277 0.07331631495424953 0.07515592482136764 0.07576431584373881 0.07518550899129876 0.07530773999854629 0.07501963606926883 0.07639917780088309 0.07872057208804534 0.07885416708316108 0.07613190571248996 0.07246467041329785 0.06889685839315454 0.06785629913687972 0.06907878943740559 0.06903810351004221 0.07053843114854653 0.07333391578505903 0.07366494853103608 0.0744781088353578 0.07651941790213934 0.07812787719169595 0.08549362935326307 0.09132685806727829 0.09294533899082734 0.09520176533725468 0.09858233058035719 0.09797751636615536 0.1004047960791307 0.1012872880112233 0.0975425245370881 0.09689493573558898 0.1037878389620614 0.1053666196483913 0.1048693462571548 0.1120428523840095 0.1115457866802866 0.1127311339560209 0.1156230806353758 0.1141681335964293 0.1136652749347683 0.1205720570269551 0.1233445781345022 0.1279809391145436 0.1341995862315671 0.1322711853196386 0.1353922740260222 0.1418325005505116 0.1463521506646508 0.1512529760310263 0.1559011438407756 0.1536118241985282 0.1599558152347952 0.1651224343490926 0.1653480268279367 0.1674001666091683 0.1718473568354959 0.171682342583086 0.1713304137501274 0.1736194270903136 0.1761111154408057 0.1769500369289548 0.1827683798248049 0.1891236423495602 0.1922555043979058 0.1943686116610725 0.1988387415459002 0.1969294635834998 0.1982413638999164 0.2046527063284782 0.2031292932389222 0.2014138817628804 0.2131465132580041 0.213081818219479 0.207182656396966 0.2105573931902421 0.2183335466383372 0.2179618530407823 0.2206264889891853 0.2234565896852707 0.2198849917238423 0.2202478891924545 0.2251301964550662 0.2249782838688671 0.2269333891436992 0.2264601360821814 0.2265774009884108 0.2324688978894322 0.2263394645797626 0.2239638167236091 0.22992824808075 0.2312616524876097 0.2279623940519474 0.22906529448075 0.2294853437417787 0.2299510009967715 0.2347573159856222 0.2316771939967037 0.2300649784585746 0.2364469176908328 0.2377074984907706 0.2379958356177264 0.2381700644389615 0.2367141746727357 0.2368385891461566 0.2419662087434025 0.2437259775104274 0.2463879804080991 0.2538261353683968 0.2568613689543762 0.2611491643432494 0.2682806605013247 0.2720732219633553 0.2762934733885385 0.2825775034584567 0.2855676960003534 0.2879895186520523 0.2950186966276248 0.2993121453302769 0.3003020727263933 0.3057445043876427 0.3089575033546472 0.3115561812730679 0.3117588839263472 0.3143351617567179 0.3151608411298247 0.3126239776084375 0.3092468017834706 0.3060896075649943 0.2995618659327928 0.2946833820622075 0.2876119929356288 0.2735695433947036 0.2629188942989958 0.2559480727515386 0.2500784634955834 0.251581114782123 0.2506604089925504 0.2480072466248796 0.2477955064113368 0.2406588382828315 0.2324345922936637 0.2294123513196285 0.2257570182082896 0.2222810382185487 0.223098687957007 0.2190798456362389 0.2102189019085798 0.2037229064347834 0.1976846054191668 0.1929349056826356 0.1910463070490636 0.189297465887507 0.1909246781011154 0.195985090429263 0.2035414787075066 0.208692672304476 0.2063091843796065 0.2123602501848198 0.2222753874886954 0.2257344784655465 0.2309170287161601 0.2361789424530659 0.2424590669053041 0.2489037319476144 0.2551954516292679 0.2616271450073084 0.2672552687049229 0.2756830458095622 0.2815280066215873 0.2938077169176715 0.2473539501333746 0.2513317236814882 0.2728762419429303 0.2646072492473504 0.2713372675478355 0.2729432596013081 0.2692294913474346 0.2681059341465108 0.2559650357463326 0.2513104975904479 0.2466319964699703 0.2344253873823134 0.2231625502063389 0.2143937460906502 0.2133764359197176 0.2073116453305828 0.2057648467805895 0.2008150828179791 0.1972084551396006 0.195043527610767 0.1872542738255148 0.1788432669281476 0.1786680379928906 0.1755121183412994 0.1706879267392574 0.1551867888390803 0.1398835077688721 0.1123986219044346 0.1058402759645692 0.1181059571102063 0.1238099850574039 0.1127638789583252 0.13444612949441 0.1342152703622022 0.144940126725384 0.1278102056130404 0.1506702856137837 0.1478527131522599 0.1405317270328534 0.1398313885170676 0.1392946185916373 0.1279938741775486 0.1386804753178482 0.1473075031513288 0.1310137832450558 0.1471710065052175 0.1557816284845377 0.1631058865497265 0.164073988494933 0.1546131408861849 0.1603616996941473 0.1638817194967412 0.1638873090936502 0.1673598895728588 0.1687353954766135 0.1615926316632226 0.16091706200264 0.1461166028042078 0.1366684109763106 0.1298309867087702 0.1152450806500351 0.0729540032688312 0.05123874730223749 0.02407583474990668 0.007935649295734695 0.005832715929172267 0.03148629099889734 0.02155675987164326 0.01008337337197205 0.01482625868223593 0.004534998980802259 0.009540939665851312 0.01288576445124699 0.004632327658109457 0.02038652407755362 0.01833669625632304 -0.0008635843609439796 -0.02215955839906009 -0.01685260879634076 -0.01578872893590451 -0.02272976379116005 -0.02723716243662831 -0.0416012695087284 -0.03693736554595789 -0.04113213311118463 -0.05389715659507704 -0.04931100781360188 -0.06929788832620158 -0.05220559586439059 -0.06167575409060348 -0.07740503975647015 -0.06511795040695963 -0.05769570062450509 -0.05268907697367581 -0.0538066161696457 -0.06874332054141712 -0.0571963507089224 -0.04424473267269142 -0.04867649778177551 -0.03925063421758698 -0.03006529130747703 -0.02645904241249616 -0.02164940417171081 -0.03161493741712742 -0.05653216264061669 -0.0590224182273455 -0.07275361660717737 -0.08723837763000274 -0.1068663601158182 -0.1286579400507297 -0.147529341803901 -0.1815135433455634 -0.2045024656692263 -0.2174078377956663 -0.2272953291851302 -0.2264832295699164 -0.2270454196465053 -0.2335172893279267 -0.2346010077203692 -0.2238286054793559 -0.2178406136115204 -0.2275828577115167 -0.2190730912366229 -0.2189467121293587 -0.2250861897749587 -0.2182165406111519 -0.2143533676688708 -0.2068201629934152 -0.2093722717990032 -0.2017065542607669 -0.1944229175498696 -0.2014110123511183 -0.1981817021158222 -0.1990413591883702 -0.1927463453770772 -0.1891720559428578 -0.190726861671676 -0.1907485969871495 -0.1861299316520552 -0.1755018018747144 -0.1743492773834943 -0.1764954003918235 -0.1767269612594945 -0.1741396385618649 -0.1672686385972914 -0.1674370542586766 -0.1582744398766328 -0.1464976387918892 -0.1379862428711685 -0.1287169088274128 -0.129010134388312 -0.1429826745817342 -0.1248545595753676 -0.1201908218804029 -0.1187124352376736 -0.1288438399265235 -0.1136253741418007 -0.1245631769740826 -0.1325709778504233 -0.1222581256641324 -0.135675388705452 -0.1506081563769428 -0.1301477435629361 -0.1257523765412346 -0.1490034477554952 -0.1254158917436384 -0.1304078347031591 -0.1352563479972032 -0.1217949952138233 -0.1358059153882047 -0.1482937242751244 -0.1341422661347011 -0.1390771843617242 -0.1420646157143995 -0.1281052706144728 -0.1379084190614404 -0.1479282424478401 -0.1401687905329934 -0.1526006554921155 -0.1493835032774535 -0.1364610523774395 -0.1559524964769793 -0.1513173524665192 -0.153537795536601 -0.1665942181318128 -0.1708736623365405 -0.154397987020079 -0.1584540721595374 -0.1656440205355102 -0.1552546638529501 -0.1574547774336369 -0.138927290442304 -0.1327622180778359 -0.1450538408342115 -0.1256840158189888 -0.1149394863614892 -0.1084409218499454 -0.1229223240184277 -0.1227086022788272 -0.1129783772676612 -0.1196670999469624 -0.130866171628411 -0.1361528606880693 -0.132644840180413 -0.13651805728463 -0.1452775101020919 -0.136872897508459 -0.1461742707648097 -0.132925464136174 -0.1346535363786308 -0.1402391684685027 -0.128681088678754 -0.1303864886862618 -0.1164414389528784 -0.1065041681423514 -0.1109546839181809 -0.1078649569455618 -0.09440507487002187 -0.08977795719615091 -0.08897501785939953 -0.1007973192186612 -0.1058723409673179 -0.1125750080250048 