# Created by Octave 4.2.2, Mon Aug 06 18:06:24 2018 CEST <arun@hplaptop>
# name: xkorel
# type: matrix
# rows: 1
# columns: 1081
 0.04566262144919798 0.06422272308065348 0.07648267491023476 0.08842574267176719 0.09824767141742947 0.1048177394873568 0.111224457097132 0.1192641428356601 0.1281803519390202 0.1367484017141343 0.1429955355353794 0.1454651097785508 0.1475165122362126 0.1513454458197329 0.1556538928126566 0.1580318594931736 0.1542007285748102 0.1544809413070488 0.1532961797279399 0.1514829623529629 0.1497500729948233 0.144734257581006 0.1369926246178818 0.1271510940481529 0.1164233644141113 0.1078829183245652 0.09674455263523141 0.08758605318378544 0.08202851335298357 0.07740311246061822 0.07387344193530337 0.07480413700482971 0.07425330132263544 0.07297542287633491 0.06486538754696866 0.06193757976601184 0.05528441974058267 0.04963160932719327 0.04494037702544904 0.04052021434531451 0.03624371705054178 0.03286368728553307 0.03259496102737843 0.03559035237364887 0.04580846592173785 0.04503262621724271 0.03931183736804059 0.03563970177979653 0.03432130908244946 0.03939555652596717 0.04999950219609109 0.05367575685587534 0.05272182030448187 0.046036493676148 0.04329381179104246 0.04121369677216097 0.03950525500865654 0.03611995430913274 0.03062479503049628 0.02723244948933911 0.02612696946967644 0.03194293073317529 0.036872789370545 0.04818488808629514 0.05748658694235442 0.06380050656001836 0.06347704556337144 0.06227549633641705 0.06369838248921068 0.06391867896919776 0.06712181425957639 0.06317671192200387 0.05268292090797456 0.03938839713229187 0.02470464973752217 0.01759089868651098 0.0148731767426039 0.0188562722148089 0.01986099222620084 0.01436704313178462 0.01540635289554268 0.01457692419158192 0.01678043361106436 0.01254191607778802 0.01031299774503563 0.01150304333690898 0.01417109586900774 0.02293086769725377 0.02187471152432436 0.02511354875253867 0.04087032373829783 0.05032926105120743 0.05808651236588661 0.0663484750536408 0.07265310561460035 0.08222076873793964 0.08816389742176674 0.08739629786823171 0.08815463993829525 0.09919545515986562 0.111625620684687 0.1147831344039395 0.1132265726528858 0.1131891264376349 0.1210758996653427 0.1288840993199247 0.1391123335175595 0.1402226076644502 0.1397485143670062 0.1457057212482356 0.1561355210406714 0.157857029233502 0.1682748474698512 0.1765689889096837 0.1828268780195515 0.1869491398121106 0.1884530207428505 0.1867860791920541 0.1888922100137094 0.1977394594071189 0.1999525632622018 0.1961436049585636 0.1934849614045939 0.1948181936977003 0.199857161525119 0.1986033655833847 0.2017869181453692 0.2033836151966323 0.2028542775120857 0.2006900698354791 0.1942110984996178 0.1904342331544078 0.1889311410308804 0.1893604506838253 0.1848803305369943 0.1752479786455603 0.1749636987556017 0.1753287647494167 0.1760355534660596 0.17587626595651 0.1730054084168288 0.1675712939635438 0.1646491038799711 0.162311254576136 0.1581068085925755 0.1590469805577531 0.1598905826176598 0.1593388022042079 0.1598373294519934 0.1614791675722647 0.1290146192048143 0.1134242022223489 0.1169800278022982 0.1044037603981404 0.0989966196977637 0.09686771257857715 0.0893681001844481 0.08240596821776244 0.07093992116805597 0.06258143946670097 0.05973463211999359 0.05736680917597905 0.05754508503277036 0.05680825254460047 0.06521039753779141 0.07057868699391605 0.07579624065135181 0.07837141725677081 0.08144241062440515 0.08809338388348227 0.09363687957763418 0.09804493960987611 0.106082212566675 0.1118527205315734 0.1179526003401001 0.119821702812986 0.1269748040117351 0.1278401780066638 0.1272586137172491 0.1274488189157195 0.1274406092419564 0.1149614081822284 0.1211818967138871 0.1149617726238642 0.1116945707660952 0.09186116576214901 0.1017204251144195 0.09207521158089782 0.07513496423472441 0.06659321685774097 0.05802232659241601 0.04210314546965269 0.03836672359085168 0.03471184518904374 0.01541788883096135 0.01484179829548913 0.007634615984585006 0.0001099578911217922 -0.004193138004356107 -0.01125887922830032 -0.01621564952329838 -0.01389143664869974 -0.01361146751963682 -0.0119845586905211 -0.002184921933383049 0.001805300014247624 0.009067408276240177 0.01420803505617584 0.02361507051264831 0.0309400296220958 0.04464571050711547 0.04967827534267445 0.06296552637540682 0.07330467256582791 0.0810485150141059 0.08615253057268499 0.1062051381790537 0.1110915723581289 0.1094412074038004 0.109945213905173 0.1044767220083963 0.1120275739897604 0.1159685048865808 0.1088339501145979 0.1178844611689282 0.1303014521773835 0.1335956808073623 0.1270186604437446 0.1294613628372362 0.1282845726042549 0.1239425607442624 0.122598538076542 0.1152164955240637 0.1165615195556407 0.1162541486998566 0.1143673692408283 0.1152928515489732 0.1014993972026421 0.109406359140071 0.1064097598721643 0.09866655649748625 0.1065259939024531 0.1108029769960133 0.1156260487358342 0.1256427288618732 0.1266580990363782 0.1302642196741378 0.1395336232842352 0.1421738677938122 0.1454114537374589 0.1523662904419381 0.1531122170739207 0.1520847647832891 0.1589895805299702 0.1580695029630134 0.1567037064634126 0.1430627123203064 0.132427282038355 0.126419090548293 0.1217607265181097 0.1152021417036884 0.1054718881945871 0.1048527179556631 0.1080321055272714 0.1049547028414487 0.09973559746034458 0.09806535452018182 0.1004401819729474 0.09902648046984985 0.1008595687381635 0.09780209121549649 0.10004416427626 0.1023550692149849 0.1066908497317582 0.1013979428711594 0.09834455748531655 0.09962515022967061 0.09951411829324255 0.09511876650628827 0.0974140541500253 0.1023353294153328 0.1081150239298806 0.1066979114426914 0.108700546755916 0.1116009891107606 0.1143865833866505 0.1121701152248649 0.1134392388949466 0.1184592237232595 0.1213735364792173 0.1235872911156493 0.12769214747255 0.1324999354235944 0.1369453672927106 0.1359099583592088 0.1344250430746898 0.1318615464782766 0.1258485183488409 0.1160989122396899 0.1102517699126675 0.02052568582625216 0.009774307328865179 0.02391818224600871 0.008799513530598184 0.009105849343932975 0.0101441027171105 0.004720206346209472 0.002694585967873096 -0.001385029688904873 0.001122257315299837 0.005862540100801924 0.01413817711639851 0.01968281000009267 0.02501447097732257 0.02983940223495627 0.03215253304748755 0.0484740282691439 0.04392458723020599 0.04935097910167979 0.050875337549358 0.05796018190567861 0.05789269132727237 0.06668156348584588 0.07083000724822318 0.07170609408373793 0.06616139615241329 0.0809208286196898 0.08464339587817322 0.07991989140605825 0.08280722615673021 0.07024125462425905 0.04373023843507935 0.04937555213561289 0.03196256636272665 0.03308058577639295 0.01796889056173551 0.04794034973376893 0.05345989775187519 0.05797334584060727 0.05801111310915212 0.0511862071506094 0.04280059220654325 0.05387561745823782 0.05974164703066288 0.03837345982741441 0.06627912579057951 0.07360537400323891 0.0751041983674742 0.07228747825297552 0.04724521391490496 0.04670691030029636 0.05705747034050395 0.06961306181104719 0.07525521267653155 0.07559533058000092 0.06048557387563939 0.05756414020623749 0.0573886743488299 0.05605368182531473 0.04605421777310229 0.04502179945824871 0.02148034010802272 0.01602893755712565 0.005054774414004943 0.004082665998633558 0.01047516253638305 0.0462769573495022 0.05151183091062794 0.04873772179802181 0.06355524746819195 0.06412637450082125 0.08714882325253581 0.09816422237233138 0.09029085390745131 0.09885732946437389 0.08183780159992977 0.07695615880910404 0.04984463310743541 0.05119136942854407 0.05200700311224157 0.03524414307338887 0.01775297942491746 -0.01313990356210901 -0.01160832159394199 -0.004297206127707101 -0.00394320216233982 0.01121253865363773 -0.007258214535439546 0.03109678222267613 0.01484319345654224 -0.002835703412360657 0.01702876377648818 0.01261687722411139 0.01843789281794869 0.02339767886588229 0.008754233113691862 0.02584256331987927 0.04981880912305076 0.04010386888191839 0.0414928714077456 0.04628019130692293 0.02312127974690655 