# Created by Octave 4.2.2, Mon Jul 30 22:33:13 2018 CEST <arun@hplaptop>
# name: vect_mad
# type: matrix
# rows: 1
# columns: 451
 0.402391975308642 2.868055555555555 5.086226851851852 5.21875 4.121527777777778 4.48070987654321 4.231481481481482 4.60108024691358 4.337577160493828 4.162229938271605 4.859375 5.300925925925926 6.532600308641975 8.640817901234568 8.383680555555555 7.658950617283951 4.63695987654321 3.100694444444445 1.820023148148148 2.991512345679012 2.051311728395062 3.029128086419753 2.572530864197531 2.504050925925926 3.338541666666667 2.994598765432099 2.49537037037037 2.00733024691358 2.38599537037037 2.654706790123457 2.941743827160494 2.769483024691358 3.190007716049383 3.711998456790123 3.662037037037037 4.002314814814815 4.967978395061729 6.412422839506172 9.119020061728396 14.54726080246914 20.7758487654321 18.17496141975309 15.29282407407407 14.62596450617284 13.80922067901234 14.2241512345679 12.38966049382716 10.68190586419753 11.39197530864197 11.07503858024691 9.499421296296296 8.983796296296296 7.836612654320987 7.377507716049383 6.604552469135802 6.39699074074074 5.91261574074074 6.117091049382716 7.297453703703703 9.119791666666666 10.18306327160494 9.976658950617283 10.38117283950617 7.334104938271605 3.014274691358025 4.860339506172839 6.052662037037037 5.701003086419753 4.269097222222222 5.903935185185185 5.95775462962963 5.123649691358025 5.500771604938271 5.29224537037037 4.595679012345679 6.309606481481482 5.27758487654321 3.924575617283951 2.747685185185185 2.991126543209877 2.995563271604938 4.482445987654321 2.775270061728395 5.109760802469136 3.032600308641975 3.295910493827161 5.364969135802469 3.536458333333333 4.39699074074074 4.930941358024691 5.516010802469136 6.358603395061729 7.962191358024691 7.400655864197531 9.66087962962963 11.34683641975309 8.510223765432098 8.372492283950617 9.381172839506172 7.96875 8.579475308641975 9.91261574074074 10.88618827160494 11.79610339506173 9.72511574074074 7.868827160493828 7.184413580246914 8.694058641975309 9.154899691358025 8.048032407407407 10.03954475308642 13.49382716049383 14.13001543209877 7.016975308641975 5.662037037037037 11.03703703703704 9.946373456790123 7.654899691358025 5.804783950617284 5.602816358024691 7.75366512345679 7.92824074074074 7.422839506172839 6.512538580246914 5.570216049382716 3.073688271604938 5.763117283950617 7.460262345679013 6.81886574074074 6.01099537037037 6.931905864197531 7.221450617283951 7.377507716049383 9.146604938271604 8.878472222222221 7.086226851851852 7.258680555555555 11.50868055555556 16.08622685185185 16.80748456790123 17.83545524691358 21.09645061728395 18.74344135802469 17.30979938271605 14.39274691358025 11.60030864197531 12.67862654320988 12.77237654320988 13.88753858024691 15.49112654320988 36.48900462962963 6.182677469135802 6.676311728395062 5.883487654320987 6.608217592592593 6.839891975308642 6.787229938271605 7.934413580246914 9.43846450617284 9.003472222222221 8.763117283950617 7.139274691358025 6.221064814814815 6.502893518518518 7.157214506172839 7.204475308641975 6.867091049382716 7.078510802469136 6.110532407407407 7.632716049382716 6.119212962962963 5.665316358024691 6.531442901234568 6.358024691358025 5.680941358024691 4.389660493827161 4.943094135802469 3.137538580246914 2.925733024691358 4.161458333333333 2.729359567901235 3.184027777777778 2.568672839506173 2.03587962962963 1.780092592592593 1.452353395061728 1.478973765432099 1.576003086419753 1.67091049382716 2.018132716049383 3.697337962962963 3.592013888888889 2.712577160493827 2.982638888888889 3.56983024691358 4.136381172839506 5.186728395061729 5.254243827160494 5.475694444444445 5.702739197530864 4.875964506172839 7.229359567901234 8.870949074074074 8.097608024691358 8.35841049382716 9.652584876543211 7.88329475308642 6.359953703703703 6.281057098765432 5.595679012345679 5.107445987654321 6.585069444444445 6.212577160493828 8.066550925925926 8.092013888888889 10.06037808641975 9.932291666666666 9.759452160493828 11.73090277777778 10.34490740740741 9.542631172839506 9.690586419753087 10.01678240740741 11.74710648148148 10.65547839506173 19.12673611111111 19.80864197530864 14.75752314814815 10.3173225308642 7.763695987654321 7.85011574074074 8.287229938271604 8.821566358024691 5.881944444444445 4.83545524691358 6.785300925925926 8.684220679012345 10.5931712962963 12.30671296296296 13.4369212962963 15.94135802469136 17.29552469135803 14.7283950617284 11.2391975308642 11.42515432098766 12.63117283950617 13.03337191358025 11.51929012345679 6.992283950617284 7.137345679012346 8.371720679012345 11.27623456790123 9.79050925925926 9.46875 8.226466049382717 5.00925925925926 5.053819444444445 7.417438271604938 10.79398148148148 10.38483796296296 10.04494598765432 11.34760802469136 10.49093364197531 10.48398919753086 11.35551697530864 11.16068672839506 7.853780864197531 7.180941358024691 9.057484567901234 9.261574074074074 9.812114197530864 10.88985339506173 12.63831018518519 13.19656635802469 12.55844907407407 12.03414351851852 11.1466049382716 10.17592592592593 8.599922839506172 7.314814814814815 6.417052469135802 7.295138888888889 5.422260802469136 7.103973765432099 4.186535493827161 3.084683641975309 3.474151234567901 4.007908950617284 3.679591049382716 2.179976851851852 1.461998456790123 1.65991512345679 2.206597222222222 2.787422839506173 2.721064814814815 1.915509259259259 1.739969135802469 1.838348765432099 1.630208333333333 1.524112654320988 40.93537808641975 0 0.006944444444444444 6.06983024691358 6.695987654320987 6.955632716049383 7.28491512345679 7.635609567901234 8.316358024691358 8.384837962962964 8.91261574074074 11.5264274691358 14.62422839506173 16.52372685185185 18.70061728395062 21.3119212962963 23.9471450617284 27.28202160493827 31.94405864197531 33.88194444444444 34.4116512345679 33.41493055555556 32.65123456790123 32.67785493827161 32.32638888888889 31.14448302469136 28.38194444444444 26.21315586419753 23.3275462962963 17.71855709876543 16.20003858024691 15.60763888888889 15.09587191358025 12.00945216049383 10.08603395061728 10.02758487654321 10.56076388888889 10.37384259259259 11.01929012345679 11.8016975308642 12.91377314814815 13.59722222222222 10.56037808641975 12.75289351851852 12.89467592592593 12.27083333333333 15.71894290123457 14.49575617283951 10.62615740740741 8.985918209876543 7.73070987654321 7.525077160493828 9.424189814814815 9.295331790123457 9.173418209876543 8.999614197530864 9.232445987654321 9.737654320987655 9.216628086419753 8.263695987654321 7.275848765432099 6.763695987654321 8.094521604938272 9.179591049382717 11.02006172839506 12.78838734567901 18.89178240740741 20.82426697530864 23.06655092592593 33.8798225308642 42.51099537037037 35.03877314814815 31.11014660493827 31.95756172839506 23.36728395061728 23.16550925925926 23.71778549382716 16.79783950617284 13.65914351851852 8.545138888888889 7.895833333333333 9.727044753086419 11.34085648148148 11.97858796296296 12.47820216049383 10.20736882716049 10.1298225308642 9.832368827160494 8.305555555555555 7.323302469135802 7.52295524691358 7.29224537037037 7.080054012345679 7.788194444444445 7.997106481481482 7.051118827160494 8.984567901234568 8.3125 9.036651234567902 9.105324074074074 8.243055555555555 8.176118827160494 8.113811728395062 6.972800925925926 5.559413580246914 4.480131172839506 4.80324074074074 3.658564814814815 5.507908950617284 5.23804012345679 4.394675925925926 5.75366512345679 5.115354938271605 5.111111111111111 5.232638888888889 6.765817901234568 16.61439043209877 39.5619212962963 49.31076388888889 42.18518518518518 43.58256172839506 37.65644290123457 18.53626543209877 11.04861111111111 6.039158950617284 6.463734567901234 6.616319444444445 7.339699074074074 5.513888888888889 6.688271604938271 6.280092592592593 4.967785493827161 6.187692901234568 4.456597222222222 5.906057098765432 5.506172839506172 6.610918209876544 7.27488425925926 6.228587962962963 6.837577160493828 6.189429012345679 5.935570987654321 6.659143518518518 