# Created by Octave 4.2.2, Thu Oct 18 18:39:31 2018 CEST <arun@hplaptop>
# name: vect_msd
# type: matrix
# rows: 1
# columns: 451
 1.052469135802469 36.36651234567901 73.51967592592592 74.92226080246914 72.58429783950618 64.42650462962963 74.86535493827161 77.8346836419753 75.90875771604938 72.17091049382717 85.83854166666667 94.87519290123457 138.0511188271605 219.1956018518518 214.3589891975309 226.8886959876543 91.56172839506173 31.96103395061728 15.56153549382716 11.90952932098766 24.09606481481481 49.55208333333334 36.53568672839506 32.01948302469136 40.26350308641975 54.94212962962963 28.05825617283951 17.19097222222222 25.64718364197531 23.52758487654321 32.18229166666666 42.67997685185185 58.74768518518518 75.94849537037037 91.16358024691358 97.25597993827161 119.0503472222222 145.257137345679 250.5578703703704 535.5891203703703 912.765625 692.7322530864197 555.7874228395061 506.8024691358025 465.6952160493827 480.7717978395062 362.379436728395 311.6957947530864 355.5055941358025 352.9182098765432 333.6610725308642 305.6581790123457 188.7650462962963 134.4253472222222 160.552662037037 141.3317901234568 106.279899691358 109.9137731481482 159.9081790123457 290.2011959876543 301.7822145061729 284.4274691358025 291.020061728395 177.2843364197531 36.53414351851852 142.3134645061728 205.8948688271605 196.9286265432099 115.6068672839506 182.3632330246914 205.4591049382716 158.4097222222222 173.1163194444445 178.1458333333333 117.835262345679 172.3381558641975 191.3935185185185 101.662037037037 31.92611882716049 46.18113425925926 28.5565200617284 48.67148919753087 42.07986111111111 90.02932098765432 76.75790895061728 59.33641975308642 129.3420138888889 72.60706018518519 132.4091435185185 127.6558641975309 160.8944830246914 209.923225308642 257.5954861111111 235.7793209876543 313.1489197530864 541.5216049382716 329.599537037037 292.3028549382716 370.1207561728395 324.4658564814815 303.509837962963 379.4320987654321 405.4592978395062 434.5800540123457 318.8993055555555 219.9488811728395 129.1471836419753 195.5974151234568 250.6057098765432 216.0179398148148 362.3582175925926 470.0667438271605 488.1664737654321 184.9575617283951 105.7042824074074 328.9527391975309 346.8757716049383 257.8003472222222 168.0042438271605 169.4747299382716 253.1846064814815 240.2791280864197 224.5171682098765 198.5023148148148 161.5978009259259 42.40895061728395 124.2941743827161 183.5792824074074 209.923225308642 155.8719135802469 229.3983410493827 234.9521604938272 215.3260030864197 269.4774305555555 288.9791666666667 212.4971064814815 237.0243055555555 391.0104166666667 800.6410108024692 956.3260030864197 1087.296682098765 1391.042052469136 994.5032793209876 881.6589506172839 736.7195216049382 679.5582561728395 553.326774691358 566.6356095679013 811.3121141975308 934.0476466049382 2870.646604938272 220.2700617283951 228.8952546296296 221.8119212962963 248.1556712962963 237.8524305555555 247.9903549382716 340.1822916666667 408.461612654321 426.8589891975309 396.7447916666667 239.0439814814815 185.0412808641975 194.8668981481482 285.8335262345679 254.9047067901235 268.6535493827161 250.0960648148148 201.3557098765432 269.7471064814815 233.8788580246914 139.9488811728395 232.6450617283951 228.8597608024691 157.8846450617284 123.1828703703704 77.01157407407408 39.05439814814815 30.41396604938272 26.9945987654321 31.77256944444444 29.19425154320988 19.07021604938272 15.9735725308642 9.189236111111111 4.333719135802469 7.674575617283951 8.019483024691358 3.734375 12.3954475308642 31.5877700617284 34.63560956790123 20.36824845679012 20.43518518518519 17.09182098765432 52.65972222222222 72.72858796296296 76.07561728395062 119.7276234567901 115.8059413580247 80.23707561728395 170.897762345679 234.9579475308642 218.3888888888889 224.0310570987654 286.0054012345679 234.3207947530864 175.9486882716049 158.8954475308642 121.983024691358 120.9776234567901 169.5196759259259 154.991512345679 272.8265817901234 344.566936728395 495.1514274691358 430.0059799382716 370.7650462962963 497.6099537037037 373.9645061728395 293.5889274691358 302.3869598765432 320.4905478395062 438.0333719135803 404.2461419753087 1045.902970679012 1231.850887345679 780.953125 411.5239197530864 202.570987654321 252.7567515432099 230.8130787037037 215.8300540123457 116.4145447530864 97.08371913580247 251.0918209876543 450.4753086419753 579.7424768518518 679.1695601851852 742.2498070987655 902.1097608024692 978.3157793209876 757.7706404320987 440.0783179012346 492.3175154320988 535.8931327160494 558.058063271605 440.3975694444445 208.6323302469136 265.1039737654321 367.4311342592592 681.2839506172839 539.988425925926 522.1533564814815 346.3840663580247 132.3354552469136 116.4025848765432 226.1331018518518 487.3447145061729 443.7957175925926 411.6734182098766 467.4442515432099 438.9791666666667 430.1356095679012 494.1466049382716 500.4216820987654 273.8732638888889 216.8179012345679 309.8935185185185 316.0615354938271 380.883487654321 464.4247685185185 654.561149691358 730.058063271605 646.7692901234568 570.5962577160494 515.9027777777778 463.3015046296296 315.180362654321 239.2035108024691 169.1820987654321 165.6589506172839 118.1649305555556 146.5736882716049 79.70679012345678 42.13290895061728 65.53761574074075 71.46566358024691 62.79243827160494 21.72800925925926 15.48283179012346 18.91724537037037 54.66917438271605 65.29301697530865 68.33699845679013 48.89930555555556 23.64429012345679 4.670910493827161 6.495949074074074 6.118827160493828 2938.295138888889 1.038387345679012 6.121141975308642 151.1554783950617 177.8786651234568 181.9324845679012 182.2029320987654 196.7241512345679 253.7297453703704 248.3885030864197 265.3285108024691 534.1282793209876 966.5615354938271 1177.702932098765 1486.189814814815 1798.91512345679 2140.224344135802 2536.870177469136 3090.990740740741 3241.230709876543 3171.094714506173 3017.408757716049 2901.452739197531 2927.883294753086 2858.462770061728 2613.894483024691 2283.166087962963 1901.112268518518 1613.998070987654 1057.672839506173 969.9365354938271 880.854938271605 732.5752314814815 555.4305555555555 406.5075231481482 374.2191358024691 336.8485725308642 277.7336033950617 336.8456790123457 364.0443672839506 397.8202160493827 480.7922453703704 242.8695987654321 461.0848765432099 510.358024691358 473.4890046296296 733.8954475308642 633.8356481481482 308.9043209876543 238.9266975308642 157.3682484567901 167.2183641975309 221.9762731481482 235.0827546296296 292.7471064814815 224.0979938271605 301.301311728395 374.8408564814815 315.3460648148148 266.0650077160494 226.1265432098765 202.852237654321 299.5495756172839 532.9768518518518 729.015625 849.6547067901234 1545.410108024691 1764.99324845679 2143.601273148148 3831.9375 5454.767361111111 4347.75424382716 3763.652584876543 3930.434027777778 2678.01350308642 2652.868634259259 2856.965856481481 1804.307291666667 1314.335841049383 307.3296682098766 177.4124228395062 257.132137345679 352.5206404320988 396.6585648148148 410.0393518518518 294.2964891975309 297.4238040123457 318.8900462962963 240.9265046296296 177.983024691358 163.1622299382716 131.2299382716049 91.74035493827161 99.3449074074074 95.11574074074075 72.625 94.58333333333333 82.70235339506173 86.38966049382717 103.2085262345679 81.16878858024691 83.06577932098766 64.64699074074075 67.76543209876543 61.76273148148148 48.61805555555556 29.2283950617284 21.14776234567901 65.03028549382717 72.84394290123457 53.18885030864197 100.6358024691358 121.9656635802469 119.6331018518518 136.4305555555555 221.0190972222222 1068.687307098765 4273.840470679012 4837.022955246914 3346.769097222222 3189.672646604938 2767.473958333333 953.9901620370371 491.0910493827161 113.5775462962963 83.58198302469135 79.1195987654321 62.70081018518518 65.6772762345679 70.32002314814815 62.93769290123457 43.1244212962963 59.96894290123457 32.69753086419753 52.02469135802469 63.40162037037037 58.13638117283951 91.33506944444444 66.97183641975309 85.8684413580247 87.24266975308642 60.71199845679013 