# Created by Octave 4.2.2, Thu Oct 18 18:39:31 2018 CEST <arun@hplaptop>
# name: vect_mad
# type: matrix
# rows: 1
# columns: 451
 0.4795524691358025 2.738425925925926 3.712191358024691 3.557677469135803 3.09008487654321 4.004822530864198 3.720293209876543 3.659143518518519 3.448109567901235 3.822530864197531 3.963155864197531 4.256751543209877 5.434606481481482 7.362268518518518 7.017939814814815 7.122106481481482 3.715277777777778 2.090277777777778 1.89795524691358 1.80150462962963 1.241126543209877 2.172067901234568 1.838155864197531 1.738618827160494 1.966049382716049 2.201774691358025 1.62037037037037 1.240354938271605 1.411458333333333 1.876350308641975 1.925347222222222 1.639853395061728 2.58179012345679 2.781442901234568 3.211805555555555 3.272183641975309 4.500964506172839 5.363233024691358 7.940586419753086 13.44328703703704 20.87827932098766 16.83719135802469 14.54436728395062 13.8221450617284 12.65470679012346 13.54918981481481 11.24286265432099 9.908371913580247 10.84587191358025 10.58603395061728 9.284143518518519 8.572530864197532 7.470293209876544 6.071566358024691 5.517554012345679 6.01929012345679 4.857060185185185 4.847029320987654 5.825617283950617 8.209683641975309 9.660300925925926 8.544367283950617 9.319058641975309 5.891589506172839 1.670717592592593 5.921875 5.424189814814815 4.815200617283951 3.417824074074074 4.684992283950617 5.238425925925926 4.226851851851852 4.232831790123456 4.724922839506172 3.758873456790123 4.605131172839506 4.447530864197531 2.947916666666667 1.601273148148148 1.764853395061728 1.50829475308642 1.864776234567901 1.64158950617284 4.320987654320987 2.222029320987654 2.16820987654321 3.500964506172839 2.53954475308642 3.13329475308642 3.827932098765432 4.561149691358025 4.89891975308642 6.747878086419753 5.844135802469136 8.612654320987655 10.77777777777778 7.293981481481482 6.641589506172839 8.42091049382716 7.19386574074074 7.433449074074074 8.703317901234568 9.684606481481481 11.35281635802469 8.753858024691358 7.239390432098766 5.692708333333333 7.977430555555555 8.059413580246913 7.269097222222222 9.091242283950617 13.74382716049383 13.24324845679012 5.780864197530864 3.802276234567901 10.12596450617284 9.288194444444445 7.044945987654321 5.118441358024691 5.050347222222222 7.361304012345679 7.467785493827161 6.722029320987654 5.734567901234568 4.794945987654321 2.119212962962963 3.830439814814815 6.168788580246914 5.970679012345679 4.190586419753086 5.983217592592593 6.85570987654321 6.385802469135802 7.434606481481482 7.710262345679013 6.559220679012346 6.639274691358025 9.507716049382717 15.36554783950617 16.14390432098766 17.41280864197531 20.50655864197531 18.52874228395062 16.72608024691358 13.18557098765432 10.6983024691358 12.30787037037037 12.97781635802469 12.98572530864197 14.07195216049383 35.58333333333334 5.795910493827161 5.550347222222222 5.078125 5.646797839506172 5.953510802469136 6.131558641975309 7.316936728395062 8.264081790123457 8.103202160493828 7.786844135802469 6.354938271604938 5.330246913580247 5.239969135802469 7.293402777777778 6.180555555555555 6.141975308641975 6.778935185185185 5.298996913580247 6.232445987654321 5.764660493827161 4.476658950617284 6.171682098765432 5.417631172839506 4.46141975308642 3.821759259259259 3.357253086419753 3.078317901234568 2.695987654320988 2.612654320987654 2.304591049382716 2.077353395061728 1.478009259259259 1.455439814814815 1.017554012345679 0.6655092592592593 0.9103009259259259 0.8346836419753086 0.6032021604938271 1.802854938271605 2.373263888888889 2.039158950617284 2.238233024691358 1.849537037037037 1.849922839506173 3.910493827160494 4.054976851851852 3.591049382716049 4.956404320987654 4.481867283950617 3.451581790123457 5.902777777777778 8.897762345679013 7.297067901234568 7.080439814814815 9.148919753086419 7.282986111111111 5.78125 5.618827160493828 5.039351851851852 3.677083333333333 6.102623456790123 5.02391975308642 6.514853395061729 7.241319444444445 8.808449074074074 8.612461419753087 7.881172839506172 10.73649691358025 8.916280864197532 8.254050925925926 7.837962962962963 8.216242283950617 10.53337191358025 9.880401234567902 18.36246141975309 18.4380787037037 13.72318672839506 10.33179012345679 6.573302469135802 7.222029320987654 7.461612654320987 8.344328703703704 5.766010802469136 4.004243827160494 5.652777777777778 7.864197530864198 9.585069444444445 11.15605709876543 12.29417438271605 15.06385030864197 16.63676697530864 14.45968364197531 9.882330246913581 10.77430555555556 12.06404320987654 12.31616512345679 10.77565586419753 7.120756172839506 6.86670524691358 7.503279320987654 10.63888888888889 9.280864197530864 8.83275462962963 6.632137345679013 3.869791666666667 4.623263888888889 6.22800925925926 9.915702160493828 9.449652777777779 9.377893518518519 10.37403549382716 9.844521604938272 9.444637345679013 10.34066358024691 10.37770061728395 6.93383487654321 6.087962962962963 7.863811728395062 8.487461419753087 8.99537037037037 9.500385802469136 11.48398919753086 12.69039351851852 11.73186728395062 11.22318672839506 10.31057098765432 9.575424382716049 7.84008487654321 6.749807098765432 5.592592592592593 7.059413580246914 4.386766975308642 6.311728395061729 3.226466049382716 2.344328703703704 2.686149691358025 3.141203703703704 2.802469135802469 1.11033950617284 0.7853009259259259 0.8964120370370371 1.392939814814815 1.43846450617284 1.43383487654321 1.238811728395062 0.7770061728395061 0.558641975308642 1.090470679012346 0.9382716049382716 39.33256172839506 0.07002314814814815 0.4502314814814815 3.885802469135803 5.050347222222222 5.36766975308642 5.024691358024691 5.040123456790123 6.698109567901234 6.292438271604938 6.751736111111111 9.85474537037037 12.55690586419753 15.05362654320988 18.65702160493827 20.28703703703704 23.40258487654321 26.16878858024691 31.50038580246914 33.15316358024691 33.57195216049383 32.76176697530864 31.61246141975309 31.76176697530864 31.40914351851852 29.87827932098766 27.52604166666667 24.52237654320988 22.18248456790123 16.22376543209877 14.9627700617284 13.98070987654321 13.72569444444444 10.37384259259259 9.081597222222221 7.832175925925926 9.367862654320987 9.913773148148149 9.372685185185185 10.94753086419753 11.93094135802469 12.14988425925926 9.279320987654321 12.30015432098766 11.77893518518519 11.52256944444444 13.75501543209877 13.17901234567901 8.331018518518519 7.888117283950617 7.25636574074074 7.103395061728395 7.361689814814815 7.516010802469136 7.326195987654321 6.583333333333333 7.950231481481482 8.040702160493828 7.241126543209877 6.695023148148148 6.366126543209877 5.004243827160494 7.326581790123456 7.981095679012346 9.680748456790123 11.82445987654321 17.47993827160494 19.47280092592593 21.78993055555556 32.36226851851852 40.80246913580247 34.30246913580247 30.01986882716049 30.86496913580247 22.63888888888889 22.30420524691358 22.33931327160494 15.52912808641975 12.15760030864197 7.345100308641975 6.518132716049383 8.326195987654321 10.01639660493827 10.47376543209877 10.71990740740741 8.403742283950617 8.475887345679013 8.804398148148149 7.271026234567901 6.46412037037037 6.564236111111111 6.145833333333333 7.189814814814815 7.633873456790123 8.109182098765432 7.097222222222222 8.683256172839506 8.053819444444445 8.228780864197532 9.114776234567902 7.956597222222222 8.097800925925926 6.949845679012346 6.305941358024691 5.402391975308642 4.338348765432099 3.267746913580247 2.421682098765432 4.663773148148148 4.023341049382716 2.810763888888889 4.561342592592593 3.557484567901235 3.117283950617284 3.268904320987654 4.29224537037037 14.93344907407407 38.62905092592592 48.31963734567901 41.16531635802469 42.54185956790123 36.99672067901235 17.27797067901234 9.694058641975309 5.002700617283951 6.142939814814815 6.161651234567901 5.814236111111111 5.198109567901234 5.081211419753086 6.184606481481482 5.178819444444445 6.624421296296297 4.658179012345679 6.094907407407407 6.21141975308642 5.469328703703703 6.891010802469136 6.135416666666667 6.969135802469136 