# Created by Octave 4.2.2, Mon Jul 30 21:48:59 2018 CEST <arun@hplaptop>
# name: vect_mad
# type: matrix
# rows: 1
# columns: 150
 0.5260416666666666 0.4573688271604938 6.381558641975309 6.894675925925926 7.086612654320987 7.392168209876544 7.663966049382716 8.390239197530864 8.396604938271604 8.912037037037036 11.52758487654321 14.62422839506173 16.52372685185185 18.70061728395062 21.3119212962963 23.9471450617284 27.28202160493827 31.94405864197531 33.88194444444444 34.4116512345679 33.41493055555556 32.65123456790123 32.67785493827161 32.32638888888889 31.14448302469136 28.38194444444444 26.21315586419753 23.3275462962963 17.71855709876543 16.20003858024691 15.60763888888889 15.09587191358025 12.00945216049383 10.08603395061728 10.02758487654321 10.56076388888889 10.37384259259259 11.01929012345679 11.8016975308642 12.91377314814815 13.59722222222222 10.56037808641975 12.75289351851852 12.89467592592593 12.27083333333333 15.71894290123457 14.49575617283951 10.62615740740741 8.985918209876543 7.73070987654321 7.525077160493828 9.424189814814815 9.295331790123457 9.173418209876543 8.999614197530864 9.232445987654321 9.737654320987655 9.216628086419753 8.263695987654321 7.275848765432099 6.763695987654321 8.094521604938272 9.179591049382717 11.02006172839506 12.78838734567901 18.89178240740741 20.82426697530864 23.06655092592593 33.8798225308642 42.51099537037037 35.03877314814815 31.11014660493827 31.95756172839506 23.36728395061728 23.16550925925926 23.71778549382716 16.79783950617284 13.65914351851852 8.545138888888889 7.895833333333333 9.727044753086419 11.34085648148148 11.97858796296296 12.47820216049383 10.20736882716049 10.1298225308642 9.832368827160494 8.305555555555555 7.323302469135802 7.52295524691358 7.29224537037037 7.080054012345679 7.788194444444445 7.997106481481482 7.051118827160494 8.984567901234568 8.3125 9.036651234567902 9.105324074074074 8.243055555555555 8.176118827160494 8.113811728395062 6.972800925925926 5.559413580246914 4.480131172839506 4.80324074074074 3.658564814814815 5.507908950617284 5.23804012345679 4.394675925925926 5.75366512345679 5.115354938271605 5.111111111111111 5.232638888888889 6.765817901234568 16.61439043209877 39.5619212962963 49.31076388888889 42.18518518518518 43.58256172839506 37.65644290123457 18.53626543209877 11.04861111111111 6.039158950617284 6.463734567901234 6.616319444444445 7.339699074074074 5.513888888888889 6.688271604938271 6.280092592592593 4.967785493827161 6.187692901234568 4.456597222222222 5.906057098765432 5.506172839506172 6.610918209876544 7.27488425925926 6.228587962962963 6.837577160493828 6.189429012345679 5.935570987654321 6.659143518518518 6.422453703703703 6.999035493827161 6.107445987654321 5.937885802469136 5.735146604938271 5.591820987654321 5.653549382716049 5.857831790123456


