# Created by Octave 4.2.2, Mon Jul 30 21:48:59 2018 CEST <arun@hplaptop>
# name: vect_msd
# type: matrix
# rows: 1
# columns: 150
 1.020640432098765 0.6957947530864198 203.1176697530864 213.3070987654321 222.0939429012346 236.2930169753086 239.4398148148148 292.4550540123457 301.6678240740741 309.9814814814815 570.1001157407408 987.5358796296297 1236.262538580247 1510.157021604938 1834.178433641975 2127.546682098765 2601.702546296296 3140.060956790123 3276.635416666667 3206.224922839506 3037.303047839506 2979.481867283951 2993.491512345679 2914.62962962963 2724.117476851852 2365.564043209877 2022.18537808642 1672.702160493827 1104.343171296296 1009.156442901235 947.0212191358024 795.1475694444445 651.9396219135803 480.3838734567901 503.2617669753087 403.8740354938271 368.4648919753087 457.1616512345679 472.7314814814815 589.0607638888889 645.8499228395061 382.7208719135803 625.3883101851852 704.0081018518518 669.7777777777778 979.8412422839506 873.0208333333334 546.2237654320987 378.2432484567901 274.5752314814815 281.0293209876543 432.9002700617284 414.5233410493827 501.2567515432099 430.0262345679012 522.0086805555555 644.8391203703703 599.757137345679 483.1614583333333 379.485725308642 361.3200231481482 473.4706790123457 778.4473379629629 1001.582561728395 1070.840856481482 1849.464313271605 2042.817708333333 2374.387538580247 4041.802662037037 5708.934220679012 4534.847029320988 3883.186921296296 4056.219135802469 2735.576388888889 2693.65162037037 2897.504822530864 1848.497299382716 1369.437307098765 355.6990740740741 214.0941358024691 288.4689429012346 386.7636959876543 433.1653163580247 448.2748842592592 331.0619212962963 336.379436728395 341.0545910493827 259.7222222222222 185.8236882716049 177.3142361111111 136.9920910493827 97.953125 107.3699845679012 107.2042824074074 82.89332561728395 107.0177469135803 107.068287037037 120.9645061728395 119.7469135802469 98.9675925925926 102.0511188271605 103.5416666666667 97.90644290123457 88.70640432098766 71.48051697530865 64.39197530864197 55.51774691358025 106.5869984567901 132.7002314814815 99.13233024691358 140.475887345679 174.2260802469136 175.1273148148148 183.1890432098765 271.7094907407408 1108.021797839506 4307.947337962963 4989.232060185185 3446.115740740741 3295.939814814815 2833.00212191358 993.5879629629629 521.9162808641976 145.3879243827161 112.6670524691358 103.3234953703704 98.484375 88.09220679012346 133.7156635802469 70.82754629629629 55.00636574074074 73.11902006172839 43.35204475308642 58.68422067901235 66.29166666666667 141.8030478395062 172.2671682098765 114.728587962963 129.9112654320988 136.1489197530864 89.86033950617283 121.2309027777778 126.9594907407407 230.8825231481482 203.5036651234568 231.9382716049383 208.8886959876543 224.5196759259259 268.5470679012346 279.2312885802469


