# Created by Octave 4.2.2, Mon Jul 30 22:14:24 2018 CEST <arun@hplaptop>
# name: vect_msd
# type: matrix
# rows: 1
# columns: 150
 0.3080632716049383 236.5478395061728 248.9305555555555 242.40625 260.3036265432099 253.1134259259259 265.8802083333333 342.1662808641975 421.4116512345679 446.6421682098766 412.0657793209876 257.0530478395062 209.5679012345679 229.0364583333333 286.4226466049383 271.7739197530864 273.203125 268.6680169753087 218.1919367283951 303.4344135802469 228.6195987654321 146.5580632716049 230.3505015432099 236.3348765432099 163.2029320987654 129.2056327160494 87.08198302469135 39.37480709876543 28.4789737654321 40.83121141975309 31.57349537037037 32.1099537037037 23.69328703703704 12.87962962962963 9.747685185185185 6.312307098765432 8.436921296296296 10.05979938271605 8.419753086419753 10.92515432098766 40.51138117283951 41.9897762345679 21.05015432098766 25.38966049382716 33.56172839506173 48.83622685185185 86.1940586419753 102.6342592592593 119.9845679012346 138.444637345679 103.6298225308642 174.5345293209876 235.242862654321 229.0779320987654 240.1188271604938 290.9631558641975 247.5021219135803 185.9706790123457 166.5349151234568 137.6388888888889 157.1336805555555 197.5233410493827 191.5663580246914 322.3559027777778 357.4002700617284 539.6846064814815 474.9890046296296 435.8512731481482 541.776813271605 427.8993055555555 340.5862268518518 378.3290895061729 397.9311342592592 508.8748070987654 428.443287037037 1090.730131172839 1259.957175925926 793.8721064814815 417.5198688271605 215.1005015432099 252.3512731481482 234.904899691358 220.3875385802469 112.8063271604938 106.146412037037 275.3312114197531 465.6591435185185 597.0846836419753 698.542438271605 744.4184027777778 877.4783950617284 954.5536265432099 740.4402006172839 458.1670524691358 481.9020061728395 515.5262345679013 551.6155478395061 431.4652777777778 205.9699074074074 260.8371913580247 357.2289737654321 669.076774691358 546.2997685185185 510.0675154320988 388.1030092592592 160.3229166666667 149.6529706790124 260.3657407407408 504.5590277777778 453.9747299382716 415.7517361111111 484.9502314814815 438.3886959876543 446.0815972222222 511.5005787037037 502.7625385802469 288.5663580246913 243.7878086419753 337.3387345679012 340.0354938271605 393.5987654320988 494.8049768518518 670.0661651234568 718.1849922839506 641.3778935185185 573.6687885802469 511.0486111111111 451.6091820987654 313.8206018518518 237.03125 178.7253086419753 176.5748456790124 129.7451774691358 156.6792052469136 85.25366512345678 46.33699845679013 73.45679012345678 80.74594907407408 74.31500771604938 32.32735339506173 23.42071759259259 25.76523919753086 62.31462191358025 66.49652777777777 70.85300925925925 55.34645061728395 31.02083333333333 7.505401234567901 8.91724537037037 8.89525462962963


