# Created by Octave 4.2.2, Mon Jul 30 22:14:24 2018 CEST <arun@hplaptop>
# name: vect_mad
# type: matrix
# rows: 1
# columns: 150
 0.2208719135802469 6.271219135802469 6.751543209876544 5.939043209876544 6.652391975308642 6.844521604938271 6.786072530864198 8.000771604938272 9.447145061728396 9.029513888888889 8.768325617283951 7.125964506172839 6.221064814814815 6.502893518518518 7.157214506172839 7.204475308641975 6.867091049382716 7.078510802469136 6.110532407407407 7.632716049382716 6.119212962962963 5.665316358024691 6.531442901234568 6.358024691358025 5.680941358024691 4.389660493827161 4.943094135802469 3.137538580246914 2.925733024691358 4.161458333333333 2.729359567901235 3.184027777777778 2.568672839506173 2.03587962962963 1.780092592592593 1.452353395061728 1.478973765432099 1.576003086419753 1.67091049382716 2.018132716049383 3.697337962962963 3.592013888888889 2.712577160493827 2.982638888888889 3.56983024691358 4.136381172839506 5.186728395061729 5.254243827160494 5.475694444444445 5.702739197530864 4.875964506172839 7.229359567901234 8.870949074074074 8.097608024691358 8.35841049382716 9.652584876543211 7.88329475308642 6.359953703703703 6.281057098765432 5.595679012345679 5.107445987654321 6.585069444444445 6.212577160493828 8.066550925925926 8.092013888888889 10.06037808641975 9.932291666666666 9.759452160493828 11.73090277777778 10.34490740740741 9.542631172839506 9.690586419753087 10.01678240740741 11.74710648148148 10.65547839506173 19.12673611111111 19.80864197530864 14.75752314814815 10.3173225308642 7.763695987654321 7.85011574074074 8.287229938271604 8.821566358024691 5.881944444444445 4.83545524691358 6.785300925925926 8.684220679012345 10.5931712962963 12.30671296296296 13.4369212962963 15.94135802469136 17.29552469135803 14.7283950617284 11.2391975308642 11.42515432098766 12.63117283950617 13.03337191358025 11.51929012345679 6.992283950617284 7.137345679012346 8.371720679012345 11.27623456790123 9.79050925925926 9.46875 8.226466049382717 5.00925925925926 5.053819444444445 7.417438271604938 10.79398148148148 10.38483796296296 10.04494598765432 11.34760802469136 10.49093364197531 10.48398919753086 11.35551697530864 11.16068672839506 7.853780864197531 7.180941358024691 9.057484567901234 9.261574074074074 9.812114197530864 10.88985339506173 12.63831018518519 13.19656635802469 12.55844907407407 12.03414351851852 11.1466049382716 10.17592592592593 8.599922839506172 7.314814814814815 6.417052469135802 7.295138888888889 5.422260802469136 7.103973765432099 4.186535493827161 3.084683641975309 3.474151234567901 4.007908950617284 3.679591049382716 2.179976851851852 1.461998456790123 1.65991512345679 2.206597222222222 2.787422839506173 2.721064814814815 1.915509259259259 1.739969135802469 1.838348765432099 1.630208333333333 1.524112654320988


