# Created by Octave 4.2.2, Tue Jul 31 14:06:47 2018 CEST <arun@hplaptop>
# name: vect_msd
# type: matrix
# rows: 1
# columns: 180
 1.638695987654321 0.01080246913580247 24.52546296296296 21.33796296296296 37.09471450617284 61.14371141975309 159.5395447530864 261.3541666666667 267.0297067901234 282.6101466049383 356.0405092592592 395.367862654321 365.3971836419753 453.0256558641975 631.9467592592592 682.3074845679013 906.8373842592592 1071.715470679012 1268.062885802469 1238.646412037037 1300.042824074074 1504.303819444444 1260.776041666667 952.8377700617284 929.7903163580247 868.8420138888889 640.2114197530864 480.6749614197531 435.2226080246913 304.7648533950617 482.2287808641975 472.1927083333333 455.5065586419753 480.2766203703704 399.5038580246913 382.2197145061729 361.4108796296296 299.0073302469136 332.8389274691358 378.4093364197531 368.311149691358 335.3948688271605 391.0052083333333 465.304012345679 436.7432484567901 393.6556712962963 397.2474922839506 388.7785493827161 359.9353780864197 279.9535108024691 195.0426311728395 202.396412037037 227.4452160493827 247.7328317901235 273.0335648148148 289 328.5896990740741 380.5902777777778 411.2083333333333 417.6431327160494 369.2532793209876 376.9872685185185 374.9116512345679 314.6797839506173 274.8065200617284 298.9974922839506 304.5092592592592 296.9278549382716 352.8271604938271 330.34375 293.6591435185185 298.4112654320988 301.7038966049383 238.2687114197531 266.5625 257.3198302469136 250.9139660493827 250.7926311728395 227.9216820987654 223.8101851851852 225.7554012345679 244.3452932098765 255.9834104938272 244.9872685185185 208.3128858024691 199.569637345679 189.282600308642 209.3261959876543 185.2366898148148 118.0949074074074 156.630787037037 219.3485725308642 197.0003858024691 213.8935185185185 216.724537037037 233.133487654321 237.4760802469136 284.4741512345679 297.964313271605 307.3134645061729 567.6581790123457 990.5987654320987 1236.566165123457 1510.94212962963 1831.225887345679 2128.908179012345 2599.580632716049 3142.953125 3276.66087962963 3214.083333333333 3031.858796296296 2969.64949845679 2996.003086419753 2913.688464506173 2721.725694444444 2361.590277777778 2026.848958333333 1667.816936728395 1106.077739197531 1008.52912808642 947.0823688271605 797.6458333333334 654.2374614197531 482.3097993827161 504.4045138888889 402.1359953703704 368.3676697530864 455.9525462962963 481.545524691358 576.5117669753087 649.3341049382716 378.0788966049383 624.5351080246913 697.1903935185185 665.1701388888889 981.3981481481482 862.691550925926 545.2029320987655 383.235725308642 275.0555555555555 279.3202160493827 441.9560185185185 405.0555555555555 493.5125385802469 435.0592206790124 528.1296296296297 647.7162422839506 606.3452932098766 476.8105709876543 378.5979938271605 369.9851466049383 486.0017361111111 789.3867669753087 999.8402777777778 1066.693672839506 1843.638117283951 2027.471257716049 2387.489390432099 4032.233217592593 5692.721257716049 4532.439429012345 3900.092013888889 4048.872492283951 2739.61361882716 2686.611882716049 2893.938850308642 1863.219135802469 1377.170524691358 350.4461805555555 212.8072916666667 287.2590663580247 388.4697145061729 434.1230709876543 447.2380401234568 331.6583719135803 335.2868441358025 340.3317901234568 260.3485725308642 185.8530092592593 176.9976851851852


