# Created by Octave 4.2.2, Tue Jul 31 14:06:47 2018 CEST <arun@hplaptop>
# name: vect_mad
# type: matrix
# rows: 1
# columns: 180
 0.7409336419753086 0.007716049382716049 2.176697530864197 2.881944444444445 2.865933641975309 4.256751543209877 6.44849537037037 8.75 9.241898148148149 9.941550925925926 11.58564814814815 12.36400462962963 11.61554783950617 12.24556327160494 13.8587962962963 14.33449074074074 15.83314043209877 17.46199845679012 19.46990740740741 18.96006944444444 19.8383487654321 22.00405092592593 19.20968364197531 15.89371141975309 15.45119598765432 14.63560956790123 11.32021604938272 9.479359567901234 9.27662037037037 7.605131172839506 9.814429012345679 10.37172067901234 9.596064814814815 8.728780864197532 8.972222222222221 8.966242283950617 8.194444444444445 7.464891975308642 7.453896604938271 8.64699074074074 7.925733024691358 7.64988425925926 8.428433641975309 9.280864197530864 8.999807098765432 8.487075617283951 8.607445987654321 9.066358024691358 8.711998456790123 7.331983024691358 6.965856481481482 6.780285493827161 7.510030864197531 7.046875 7.134645061728395 7.621527777777778 8.14525462962963 8.46412037037037 8.520833333333334 9.032407407407407 8.695794753086419 8.193672839506172 8.403163580246913 7.985339506172839 7.830054012345679 8.279513888888889 8.405092592592593 8.575231481481481 9.818672839506172 9.347608024691358 8.650655864197532 8.709104938271604 8.917631172839506 6.827353395061729 7.236496913580247 8.015432098765432 8.392361111111111 8.621334876543211 7.956018518518518 7.80787037037037 7.914351851851852 8.187885802469136 8.398919753086419 7.66550925925926 6.869212962962963 6.421875 6.154128086419753 6.447337962962963 5.784529320987654 4.372685185185185 4.923225308641975 6.103587962962963 6.090663580246914 6.742283950617284 6.909722222222222 7.283950617283951 7.595679012345679 8.268904320987655 8.401813271604938 8.911458333333334 11.50887345679012 14.63310185185185 16.51871141975309 18.71836419753086 21.28414351851852 23.94251543209877 27.23958333333333 31.96238425925926 33.87962962962963 34.44675925925926 33.41820987654321 32.58005401234568 32.68981481481482 32.3582175925926 31.16820987654321 28.36072530864197 26.24440586419753 23.31963734567901 17.73514660493827 16.16068672839506 15.57581018518519 15.13618827160494 12.03838734567901 10.10725308641975 10.01678240740741 10.59780092592593 10.39043209876543 10.93132716049383 11.8954475308642 12.72665895061728 13.63734567901234 10.55613425925926 12.7608024691358 12.75636574074074 12.23341049382716 15.73032407407407 14.43885030864197 10.63387345679012 9.012731481481481 7.750385802469136 7.435185185185185 9.508101851851851 9.298611111111111 9.079668209876543 9.085841049382717 9.180941358024691 9.73900462962963 9.1875 8.260416666666666 7.25733024691358 6.852430555555555 8.183063271604938 9.27025462962963 11.03472222222222 12.7391975308642 18.8900462962963 20.74556327160494 23.12287808641975 33.85744598765432 42.48630401234568 35.05787037037037 31.1352237654321 31.89371141975309 23.39949845679012 23.13387345679012 23.72588734567901 16.83873456790123 13.68016975308642 8.494791666666666 7.896026234567901 9.717399691358025 11.36940586419753 11.99344135802469 12.46026234567901 10.20158179012346 10.12673611111111 9.820987654320987 8.308834876543211 7.312885802469136 7.545910493827161


