# Created by Octave 4.2.2, Wed Feb 06 23:21:09 2019 CET <arun@hplaptop>
# name: vect_mad
# type: matrix
# rows: 1
# columns: 336
 2.618634259259259 2.926890432098765 2.599537037037037 3.166859567901235 3.985532407407407 4.780864197530864 2.302854938271605 4.691550925925926 4.418016975308642 4.553047839506172 4.847029320987654 4.213348765432099 4.472608024691358 4.650462962962963 4.472608024691358 4.586998456790123 4.904513888888889 4.96141975308642 4.975887345679013 5.237461419753086 6.014660493827161 6.189429012345679 6.179398148148148 6.39988425925926 6.08912037037037 6.176311728395062 5.942708333333333 6.130015432098766 6.55324074074074 6.563464506172839 6.612461419753086 0.08622685185185185 6.939621913580247 7.04224537037037 7.318287037037037 7.604552469135802 7.80787037037037 8.198302469135802 8.559027777777779 8.877893518518519 8.616705246913581 8.815779320987655 8.221450617283951 7.701003086419753 7.380979938271605 6.91261574074074 6.441358024691358 6.139853395061729 5.81712962962963 5.384066358024691 5.208719135802469 4.934220679012346 4.768518518518518 4.737461419753086 4.648533950617284 4.470293209876544 0.07947530864197531 4.313464506172839 4.319444444444445 4.108989197530864 3.921875 3.777777777777778 3.86670524691358 3.701967592592593 3.429398148148148 3.351273148148148 3.125 3.158371913580247 3.102623456790123 2.842206790123457 2.704668209876543 2.651234567901235 2.41358024691358 2.56712962962963 2.255594135802469 2.205632716049383 2.249614197530864 1.779706790123457 1.998842592592593 1.775848765432099 1.049768518518519 0.1207561728395062 1.502700617283951 1.484182098765432 0.5954861111111112 1.068672839506173 0.7777777777777778 1.088541666666667 0.4527391975308642 0.7023533950617284 0.4695216049382716 0.4670138888888889 0.5561342592592593 0.5798611111111112 0.5464891975308642 0.6477623456790124 0.8676697530864198 0.8265817901234568 0.8589891975308642 1.187692901234568 1.312885802469136 1.572337962962963 2.094135802469136 2.651813271604938 3.063657407407407 3.464506172839506 0.09008487654320987 2.944251543209877 2.224537037037037 2.372106481481481 2.17650462962963 1.96875 1.76466049382716 0.8331404320987654 0.7669753086419753 1.002893518518519 0.402391975308642 0.4870756172839506 1.212384259259259 0.9847608024691358 1.02758487654321 0.6377314814814815 0.7660108024691358 0.7449845679012346 0.988233024691358 0.7918595679012346 0.9106867283950617 1.370756172839506 1.795717592592593 1.948881172839506 2.232060185185185 0.05999228395061729 2.18016975308642 2.540509259259259 2.779899691358025 2.274112654320988 2.359953703703704 2.310763888888889 1.686342592592593 1.780671296296296 0.8001543209876543 0.9386574074074074 0.9479166666666666 0.923804012345679 1.073302469135802 0.4797453703703703 0.6979166666666666 0.5042438271604939 1.341242283950617 0.8576388888888888 0.7204861111111112 1.323302469135802 1.407986111111111 0.8919753086419753 1.553433641975309 1.895061728395062 0.05555555555555555 2.442708333333333 2.235725308641975 2.755979938271605 3.227816358024691 3.811342592592593 4.034722222222222 3.584104938271605 3.347222222222222 3.239197530864197 2.766396604938272 3.855902777777778 5.02199074074074 4.301890432098766 3.845486111111111 3.462962962962963 3.322723765432099 3.496527777777778 2.821566358024691 3.303626543209877 3.489390432098765 3.885609567901235 4.220486111111111 4.422646604938271 4.604938271604938 0.04436728395061729 4.711805555555555 5.018325617283951 5.572530864197531 6.045910493827161 5.478587962962963 5.053626543209877 5.054398148148148 4.85011574074074 5.023726851851852 5.250192901234568 5.06616512345679 5.154706790123456 4.972608024691358 4.260609567901234 4.217013888888889 4.053047839506172 4.244405864197531 4.700038580246914 5.479166666666667 5.838541666666667 5.486689814814815 4.874614197530864 4.239776234567901 4.183256172839506 0.01022376543209877 4.011188271604938 4.052854938271605 76.83661265432099 0.006944444444444444 0.00154320987654321 0.003858024691358024 0.0007716049382716049 0.001929012345679012 0.003279320987654321 0.001929012345679012 0.00154320987654321 0.0007716049382716049 0.0007716049382716049 0.005015432098765432 0.02719907407407407 0.07388117283950617 0.1097608024691358 0.1691743827160494 0.220679012345679 0.2353395061728395 0.3296682098765432 0.4263117283950617 0.416087962962963 0.4972993827160494 0.00308641975308642 0.5866126543209876 0.6018518518518519 0.6739969135802469 0.746141975308642 0.7878086419753086 0.8331404320987654 0.9239969135802469 1.076195987654321 1.117862654320988 1.035686728395062 1.076195987654321 1.163773148148148 1.283757716049383 1.311728395061728 1.491126543209877 1.518904320987654 1.676890432098765 1.978395061728395 2.312307098765432 2.712577160493827 3.172067901234568 3.143904320987654 3.061535493827161 2.867283950617284 0.007330246913580247 2.431134259259259 2.177854938271605 2.135802469135803 2.05883487654321 2.271990740740741 2.420524691358025 2.489776234567901 2.41820987654321 2.399498456790123 1.96412037037037 1.916859567901235 1.845293209876543 1.971257716049383 1.867862654320988 1.830825617283951 1.669945987654321 1.645640432098765 1.62133487654321 1.43016975308642 1.202932098765432 1.130015432098765 1.072530864197531 0.9535108024691358 0.9315200617283951 0.00308641975308642 0.8140432098765432 0.7490354938271605 0.736304012345679 0.7096836419753086 0.6323302469135802 0.5140817901234568 0.4521604938271605 0.3832947530864197 0.3196373456790124 0.2947530864197531 0.2569444444444444 0.2015817901234568 0.1687885802469136 0.1207561728395062 0.1161265432098765 0.1209490740740741 0.1489197530864197 0.1564429012345679 0.1338734567901235 0.1618441358024691 0.1329089506172839 0.2183641975308642 0.2744984567901235 0.3260030864197531 0.003279320987654321 0.3591820987654321 0.3393132716049383 0.3221450617283951 0.3234953703703703 0.3763503086419753 0.3688271604938271 0.3292824074074074 0.3344907407407408 0.3715277777777778 0.3942901234567901 0.4479166666666667 0.4239969135802469 0.3603395061728395 0.3287037037037037 0.2947530864197531 0.1956018518518519 54.75019290123457 1.670331790123457 1.189621913580247 1.134452160493827 1.762152777777778 2.118055555555555 2.318479938271605 2.11670524691358 0.009066358024691358 1.646990740740741 1.470486111111111 1.987075617283951 2.221643518518519


