# Created by Octave 4.2.2, Sat Aug 04 19:57:38 2018 CEST <arun@hplaptop>
# name: vect_mad
# type: matrix
# rows: 1
# columns: 361
 0.6792052469135802 0.5706018518518519 10.02025462962963 9.067901234567902 9.094521604938272 9.150270061728396 8.319251543209877 7.52025462962963 7.589313271604938 8.730902777777779 7.923032407407407 7.703703703703703 8.423804012345679 9.318479938271604 8.986496913580247 8.561921296296296 8.657407407407407 9.106481481481481 8.688657407407407 7.294367283950617 6.93287037037037 6.817515432098766 7.465856481481482 7.000192901234568 7.147376543209877 7.608989197530864 8.141396604938272 8.449074074074074 8.463541666666666 9.041666666666666 8.736689814814815 8.208140432098766 8.484953703703704 7.987268518518518 7.840470679012346 8.277584876543211 8.39988425925926 8.608989197530864 9.8125 9.398726851851851 8.681520061728396 8.70949074074074 8.951581790123457 6.841435185185185 7.211998456790123 7.974729938271605 8.364969135802468 8.598958333333334 7.954089506172839 7.809799382716049 7.919945987654321 8.220293209876543 8.380208333333334 7.734375 6.878472222222222 6.455054012345679 6.166473765432099 6.472993827160494 5.802276234567901 4.423611111111111 89.78144290123457 0.006172839506172839 9.147762345679013 10.85165895061728 12.78144290123457 18.88888888888889 20.86593364197531 23.140625 33.88657407407408 42.56114969135803 35.10706018518518 31.0835262345679 31.95505401234568 23.3744212962963 23.03993055555556 23.68672839506173 16.85976080246914 13.64236111111111 8.510223765432098 7.879436728395062 9.722222222222221 11.36651234567901 12.00173611111111 12.44675925925926 10.23341049382716 10.09953703703704 9.811149691358025 8.316165123456789 7.315007716049383 7.531442901234568 7.30324074074074 7.088541666666667 7.785300925925926 8.019483024691358 7.05883487654321 8.954668209876543 8.321180555555555 9.070987654320987 9.022762345679013 8.221257716049383 8.245177469135802 8.092399691358025 6.937114197530864 5.540702160493828 4.495949074074074 4.848186728395062 3.628858024691358 5.455825617283951 5.244598765432099 4.452932098765432 5.716820987654321 5.094907407407407 5.07349537037037 5.24266975308642 6.786072530864198 16.63001543209877 39.57137345679013 49.30401234567901 42.19656635802469 43.59722222222222 37.66801697530864 18.52951388888889 11.06770833333333 6.048418209876544 6.44945987654321 6.636766975308642 7.308449074074074 5.483217592592593 6.686921296296297 6.324266975308642 4.954089506172839 6.147762345679013 4.505787037037037 5.923996913580247 5.440200617283951 6.657986111111111 7.293595679012346 6.222029320987654 6.849537037037037 6.198302469135802 5.965663580246914 6.670717592592593 6.418788580246914 6.985918209876544 6.055941358024691 6.053819444444445 5.658371913580247 5.640239197530864 5.621527777777778 5.816358024691358 5.962577160493828 7.919174382716049 26.89525462962963 46.69907407407408 39.30902777777778 23.10783179012346 18.3125 16.56346450617284 12.70968364197531 15.81500771604938 16.64197530864197 10.41936728395062 9.543788580246913 9.421875 7.630401234567901 7.890432098765432 10.27777777777778 10.6400462962963 9.756558641975309 9.846836419753087 7.912422839506172 8.548225308641975 11.2662037037037 7.981288580246914 7.977237654320987 7.926311728395062 6.961805555555555 5.834683641975309 5.580246913580247 4.563078703703703 59.61554783950617 0 7.922839506172839 7.418595679012346 6.543981481481482 5.564236111111111 3.063464506172839 5.742091049382716 7.439621913580247 6.870177469135802 6.010223765432099 6.949266975308642 7.184220679012346 7.369020061728395 9.142361111111111 8.864390432098766 7.11400462962963 7.254822530864198 11.53530092592593 16.08024691358025 16.80960648148148 17.84047067901234 21.10358796296296 18.74633487654321 17.31539351851852 14.38831018518519 11.59278549382716 12.69386574074074 12.78703703703704 13.87364969135803 15.50713734567901 14.38445216049383 11.31327160493827 8.888888888888889 6.940779320987654 10.16454475308642 11.57349537037037 15.25 18.90586419753086 18.71624228395062 14.44907407407407 12.42824074074074 10.51331018518519 7.906828703703703 8.480131172839506 6.251736111111111 4.657214506172839 4.045717592592593 3.464313271604938 2.72608024691358 2.292052469135803 1.980131172839506 1.716820987654321 1.87403549382716 1.846450617283951 2.139081790123457 0.8902391975308642 2.087191358024691 2.600694444444445 1.506172839506173 1.370563271604938 1.825038580246914 3.542631172839506 2.411844135802469 2.890239197530864 4.814429012345679 4.974537037037037 7.97608024691358 6.569637345679013 6.572723765432099 4.080054012345679 3.579089506172839 3.502700617283951 5.80150462962963 7.069444444444445 5.791473765432099 4.852430555555555 5.930555555555555 7.196952160493828 6.998842592592593 4.108603395061729 4.524498456790123 5.953703703703703 6.289351851851852 3.788966049382716 4.447723765432099 6.978973765432099 5.905092592592593 3.375 4.573109567901234 6.476658950617284 5.667824074074074 4.170910493827161 5.675347222222222 5.766396604938271 3.675154320987654 5.283757716049383 6.041666666666667 5.003279320987654 2.914930555555555 4.963734567901234 5.237268518518518 3.605131172839506 4.175154320987654 5.189621913580247 3.545910493827161 3.309799382716049 1.648148148148148 2.941743827160494 2.635030864197531 2.258873456790123 3.402391975308642 3.201967592592593 4.322530864197531 4.86863425925926 4.288387345679013 4.412422839506172 5.145447530864198 4.816743827160494 3.720100308641975 6.624228395061729 4.379822530864198 3.566358024691358 4.582947530864198 2.883873456790123 4.945601851851852 5.95679012345679 4.007716049382716 4.535686728395062 6.128472222222222 4.127893518518518 7.851466049382716 8.03125 4.677469135802469 5.836612654320987 6.85474537037037 3.643711419753086 6.016975308641975 6.438657407407407 4.137345679012346 6.371720679012346 8.857831790123457 5.626736111111111 4.858796296296297 6.296489197530864 6.174575617283951 4.939043209876544 5.805362654320987 4.42650462962963 4.087770061728395 6.027970679012346 6.286651234567901 6.211226851851852 6.670717592592593 5.889853395061729 6.624228395061729 6.832368827160494 6.802083333333333 7.93113425925926 9.440200617283951 9.002893518518519 8.771604938271604 7.114583333333333 6.232060185185185 6.55613425925926 7.172453703703703 7.195023148148148 6.89891975308642 7.081404320987654 6.123842592592593 7.636381172839506 6.141396604938271 5.696373456790123 6.541473765432099 6.335262345679013 5.67824074074074 4.377893518518518 4.959297839506172 3.130015432098765 2.945601851851852 4.15258487654321


