# Created by Octave 4.2.2, Sat Aug 04 19:57:38 2018 CEST <arun@hplaptop>
# name: vect_msd
# type: matrix
# rows: 1
# columns: 361
 1.492091049382716 0.9594907407407407 476.9747299382716 501.766975308642 409.4768518518518 390.4357638888889 369.5059799382716 299.410686728395 341.9774305555555 384.5634645061729 369.4500385802469 338.8935185185185 392.3713348765432 471.3408564814815 436.0551697530864 394.7251157407408 398.8229166666667 394.4463734567901 360.0744598765432 277.3923611111111 193.6963734567901 204.929012345679 226.2262731481482 242.248649691358 269.7029320987654 291.5623070987654 332.6896219135803 378.1500771604938 406.5190972222222 418.9047067901234 374.4893904320988 378.7660108024691 384.8734567901234 316.7337962962963 278.589313271605 298.4207175925926 301.5673225308642 297.9357638888889 351.9571759259259 333.191936728395 296.3562885802469 297.7006172839506 303.2390046296296 240.1894290123457 261.2320601851852 257.1456404320988 249.2658179012346 248.6363811728395 229.0131172839506 223.3348765432099 223.9338348765432 242.3105709876543 257.3724922839506 248.9874614197531 211.5073302469136 198.8782793209876 188.1128472222222 209.7048611111111 184.4396219135803 119.789737654321 10994.51678240741 0.01195987654320988 777.4614197530864 982.7602237654321 1072.133294753086 1850.33024691358 2043.740162037037 2383.486304012345 4034.128086419753 5720.032986111111 4555.098572530864 3884.752893518519 4050.163387345679 2744.422260802469 2672.017168209877 2888.812114197531 1859.802662037037 1369.21875 352.2991898148148 212.5978009259259 288.1697530864197 387.804012345679 434.5542052469136 446.1161265432099 332.5219907407408 334.1261574074074 340.2104552469136 260.680362654321 185.9527391975309 177.0800540123457 137.4826388888889 97.60435956790124 107.4951774691358 108.2540509259259 83.81423611111111 106.4600694444444 109.7563657407407 121.8915895061728 115.141975308642 97.57118055555556 104.6259645061728 101.1865354938272 98.85956790123457 87.09934413580247 73.24942129629629 63.4326774691358 55.78356481481482 102.4504243827161 136.3275462962963 103.1967592592593 137.179012345679 176.9124228395062 171.7559799382716 183.8568672839506 271.3659336419753 1107.744212962963 4308.226080246914 4988.490354938272 3447.150655864198 3297.145061728395 2835.279513888889 994.441936728395 522.7787422839506 145.6278935185185 111.6670524691358 104.2498070987654 97.34432870370371 87.80304783950618 129.5900848765432 72.96624228395062 52.94483024691358 71.79475308641975 43.94483024691358 58.71257716049383 63.35841049382716 142.9400077160494 170.8329475308642 115.4836033950617 128.7434413580247 141.1755401234568 93.01234567901234 124.563850308642 125.1842206790123 226.796875 200.0524691358025 240.8744212962963 207.8362268518518 223.7579089506173 264.9945987654321 273.2951388888889 316.837962962963 467.8721064814815 2506.747106481481 5505.855709876543 4237.209104938272 1043.201195987654 712.0335648148148 568.3944830246913 432.896412037037 575.3269675925926 628.3491512345679 331.7808641975309 253.2305169753086 246.9731867283951 196.9996141975309 191.7920524691358 293.0343364197531 309.3815586419753 280.6269290123457 276.4363425925926 213.4116512345679 220.7291666666667 316.9741512345679 148.296875 158.7337962962963 181.5721450617284 157.0297067901235 128.7135416666667 96.27816358024691 94.90644290123457 5131.932677469136 0 225.039737654321 220.7353395061728 201.1909722222222 170.3647762345679 52.9423225308642 155.3910108024691 192.2934027777778 225.7706404320988 195.188850308642 229.5788966049383 238.694637345679 235.640625 300.2843364197531 295.8312114197531 199.0704089506173 241.8728780864197 445.9268904320988 782.0574845679013 967.6286651234568 1083.363233024691 1402.228587962963 974.6313657407408 858.9087577160494 733.4658564814815 684.0017361111111 557.7189429012345 572.2993827160494 815.6271219135803 949.433063271605 854.7976466049382 687.8456790123457 407.5960648148148 205.2393904320988 344.2602237654321 527.9060570987655 856.3225308641976 1237.82600308642 1145.808449074074 704.102237654321 589.0459104938271 448.8940972222222 303.3859953703704 253.8890817901235 215.1525848765432 163.0067515432099 135.8647762345679 129.430362654321 94.78935185185185 64.29938271604938 65.03761574074075 39.55594135802469 14.77025462962963 14.0570987654321 18.69888117283951 9.277199074074074 12.10918209876543 27.63001543209877 33.08796296296296 32.29494598765432 54.44656635802469 96.79378858024691 102.7964891975309 96.93885030864197 107.2708333333333 177.4375 302.7773919753087 302.7154706790124 246.9187885802469 166.9265046296296 109.3618827160494 96.68518518518519 223.8227237654321 368.7438271604938 353.5129243827161 148.7339891975309 214.9506172839506 361.3069058641975 342.2260802469136 163.3466435185185 149.751350308642 244.0470679012346 349.5331790123457 201.7156635802469 174.2424768518518 319.4369212962963 301.9521604938271 129.1639660493827 167.396412037037 324.3478009259259 249.8425925925926 148.5443672839506 277.3751929012346 296.6657021604938 132.5655864197531 197.8416280864197 307.8483796296296 256.0920138888889 110.1884645061728 227.1994598765432 273.7083333333333 141.1383101851852 138.7492283950617 259.4747299382716 155.1230709876543 120.3811728395062 53.81018518518518 106.1543209876543 82.04513888888889 85.99614197530865 133.5601851851852 109.9249614197531 146.9961419753086 187.6572145061728 144.4469521604938 160.2345679012346 234.2689043209876 202.0108024691358 113.1460262345679 277.8499228395062 211.6082175925926 113.704475308642 209.2013888888889 90.24421296296296 208.5798611111111 293.6601080246913 167.8225308641975 172.279899691358 322.2932098765432 164.9145447530864 384.229938271605 445.505787037037 201.7577160493827 215.6228780864197 361.9130015432099 141.2482638888889 286.9483024691358 329.8966049382716 160.6064814814815 223.6950231481482 408.353587962963 203.9917052469136 176.5366512345679 276.0545910493827 273.6487268518518 156.6635802469136 169.6768904320988 119.7702546296296 132.6086033950617 252.396412037037 259.9405864197531 234.2636959876543 245.7324459876543 242.7359182098765 259.8464506172839 250.8586033950617 267.8302469135803 341.3346836419753 421.9741512345679 444.3018904320988 412.7878086419753 257.6956018518518 210.7370756172839 233.365162037037 287.2600308641975 272.9913194444445 275.7970679012346 271.9097222222222 218.2218364197531 303.9488811728395 228.6051311728395 148.9756944444445 231.1753472222222 234.9988425925926 163.9402006172839 127.7860725308642 88.0457175925926 38.72337962962963 28.51813271604938 40.28144290123457


