# Created by Octave 4.2.2, Sat Aug 04 19:49:02 2018 CEST <arun@hplaptop>
# name: vect_mad
# type: matrix
# rows: 1
# columns: 60
 0.6792052469135802 0.5706018518518519 10.02025462962963 9.067901234567902 9.094521604938272 9.150270061728396 8.319251543209877 7.52025462962963 7.589313271604938 8.730902777777779 7.923032407407407 7.703703703703703 8.423804012345679 9.318479938271604 8.986496913580247 8.561921296296296 8.657407407407407 9.106481481481481 8.688657407407407 7.294367283950617 6.93287037037037 6.817515432098766 7.465856481481482 7.000192901234568 7.147376543209877 7.608989197530864 8.141396604938272 8.449074074074074 8.463541666666666 9.041666666666666 8.736689814814815 8.208140432098766 8.484953703703704 7.987268518518518 7.840470679012346 8.277584876543211 8.39988425925926 8.608989197530864 9.8125 9.398726851851851 8.681520061728396 8.70949074074074 8.951581790123457 6.841435185185185 7.211998456790123 7.974729938271605 8.364969135802468 8.598958333333334 7.954089506172839 7.809799382716049 7.919945987654321 8.220293209876543 8.380208333333334 7.734375 6.878472222222222 6.455054012345679 6.166473765432099 6.472993827160494 5.802276234567901 4.423611111111111


