# Created by Octave 4.2.2, Sat Aug 04 19:49:02 2018 CEST <arun@hplaptop>
# name: vect_msd
# type: matrix
# rows: 1
# columns: 60
 1.492091049382716 0.9594907407407407 476.9747299382716 501.766975308642 409.4768518518518 390.4357638888889 369.5059799382716 299.410686728395 341.9774305555555 384.5634645061729 369.4500385802469 338.8935185185185 392.3713348765432 471.3408564814815 436.0551697530864 394.7251157407408 398.8229166666667 394.4463734567901 360.0744598765432 277.3923611111111 193.6963734567901 204.929012345679 226.2262731481482 242.248649691358 269.7029320987654 291.5623070987654 332.6896219135803 378.1500771604938 406.5190972222222 418.9047067901234 374.4893904320988 378.7660108024691 384.8734567901234 316.7337962962963 278.589313271605 298.4207175925926 301.5673225308642 297.9357638888889 351.9571759259259 333.191936728395 296.3562885802469 297.7006172839506 303.2390046296296 240.1894290123457 261.2320601851852 257.1456404320988 249.2658179012346 248.6363811728395 229.0131172839506 223.3348765432099 223.9338348765432 242.3105709876543 257.3724922839506 248.9874614197531 211.5073302469136 198.8782793209876 188.1128472222222 209.7048611111111 184.4396219135803 119.789737654321


