# Created by Octave 4.2.2, Wed Aug 01 15:53:24 2018 CEST <arun@hplaptop>
# name: vect_msd
# type: matrix
# rows: 1
# columns: 300
 0.5455246913580247 0.006751543209876543 79.9735725308642 70.81114969135803 83.75019290123457 105.7829861111111 86.32986111111111 97.87172067901234 81.70679012345678 131.3701774691358 110.4259259259259 134.4641203703704 141.3476080246914 173.2943672839506 214.6282793209876 158.4756944444445 200.891975308642 145.9184027777778 154.2046682098765 181.9799382716049 223.4207175925926 197.7829861111111 248.3177083333333 307.5505401234568 340.2777777777778 261.8832947530864 331.0007716049383 290.7702546296296 288.2382330246913 343.7976466049383 239.7746913580247 39.56018518518518 283.0219907407408 238.6811342592593 306.2216435185185 67.00270061728395 374.7586805555555 377.3298611111111 343.1892361111111 435.3020833333333 413.4504243827161 240.8445216049383 445.1554783950617 469.8047839506173 161.1313657407407 391.375 399.626350308642 424.7301311728395 310.9623842592592 95.89004629629629 68.76331018518519 119.9855324074074 163.1313657407407 139.7183641975309 196.0133101851852 169.1726466049383 164.5470679012346 130.7013888888889 139.8925540123457 101.5661651234568 171.266975308642 36.12461419753087 54.38329475308642 28.82523148148148 37.36207561728395 69.58969907407408 452.1543209876543 358.9749228395062 228.6450617283951 301.3094135802469 164.9529320987654 389.2907021604938 341.6282793209876 104.587962962963 402.4461805555555 472.6147762345679 397.4598765432099 102.5405092592593 258.3703703703704 372.8798225308642 268.8142361111111 238.2959104938272 153.5785108024691 272.8157793209876 316.2025462962963 236.7091049382716 277.8045910493827 50.59567901234568 418.0277777777778 236.9382716049383 73.98996913580247 239.8493441358025 207.4899691358025 215.210262345679 217.0173611111111 45.64429012345679 150.9938271604938 224.2831790123457 85.10841049382717 138.6550925925926 173.1383101851852 136.1668595679012 148.3105709876543 125.5815972222222 104.7204861111111 124.5956790123457 19.6875 100.4261188271605 106.2785493827161 119.365162037037 97.78298611111111 101.7561728395062 65.95505401234568 77.26273148148148 59.91435185185185 9.263695987654321 61.21489197530864 50.29012345679013 34.41145833333334 54.73360339506173 46.65393518518518 48.86226851851852 48.58371913580247 23.93190586419753 10.71180555555556 24.84394290123457 12.53800154320988 20.78221450617284 30.07619598765432 31.48649691358025 18.41975308641975 27.50790895061728 16.85223765432099 41.59239969135803 37.30208333333334 35.3443287037037 36.16743827160494 79.71624228395062 74.38020833333333 75.98707561728395 100.1500771604938 110.2534722222222 123.6780478395062 106.5960648148148 94.10378086419753 120.2746913580247 125.4176311728395 147.3063271604938 160.289737654321 187.2326388888889 188.8780864197531 198.576774691358 194.1892361111111 195.234375 201.7114197530864 205.5192901234568 195.0817901234568 110.3063271604938 15.12808641975309 7.28954475308642 5.429591049382716 4.623070987654321 5.035686728395062 4.925347222222222 4.908564814814815 4.88136574074074 6.211033950617284 4.188271604938271 4.896412037037037 5.347993827160494 8.240933641975309 4.002507716049383 8.625385802469136 8.175733024691358 13.67534722222222 53.75617283950617 28.66261574074074 39.69945987654321 45.31288580246913 64.83641975308642 96.98379629629629 174.9996141975309 121.7222222222222 146.3225308641975 142.6257716049383 206.1641589506173 278.2175925925926 419.3896604938271 431.7710262345679 453.1078317901234 508.7770061728395 649.136188271605 724.1572145061729 799.7654320987655 812.5123456790124 785.5202546296297 771.3238811728395 691.0613425925926 555.8501157407408 533.4583333333334 519.7754629629629 529.645061728395 492.8076774691358 446.2862654320988 349.0844907407408 315.4373070987654 289.133487654321 283.0474537037037 223.4118441358025 154.9010416666667 139.7501929012346 174.4535108024691 163.7048611111111 189.4697145061728 216.4579475308642 329.2098765432099 261.4525462962963 251.2391975308642 446.1643518518518 528.2278163580247 495.7750771604938 498.4535108024691 474.6101466049383 464.0279706790124 407.4552469135803 351.6670524691358 396.9498456790124 415.7947530864197 400.0364583333333 419.8913966049383 426.1672453703704 432.3589891975309 469.1628086419753 472.1466049382716 541.1753472222222 639.8599537037037 721.1172839506173 690.0906635802469 697.879050925926 637.7845293209876 589.1765046296297 580.1940586419753 516.3852237654321 442.6224922839506 409.9917052469136 338.65625 280.2752700617284 298.1896219135803 287.2341820987654 181.1809413580247 156.490162037037 40.74093364197531 11.84741512345679 22.12962962962963 112.3103780864197 216.953125 437.0129243827161 697.5239197530864 698.2949459876543 722.9120370370371 749.9511959876543 708.0862268518518 706.3026620370371 717.8217592592592 718.8254243827161 518.6454475308642 539.2791280864197 496.2226080246913 469.3840663580247 499.4357638888889 464.5887345679012 458.3364197530864 481.6182484567901 449.3485725308642 464.6412037037037 406.193287037037 385.4041280864197 291.0860339506173 192.0036651234568 157.2114197530864 240.9496527777778 164.4992283950617 206.5997299382716 163.2920524691358 171.3994984567901 196.6041666666667 247.2760416666667 221.8917824074074 242.5144675925926 250.9380787037037 313.3699845679012 283.9533179012346 339.6639660493827 341.2617669753087 387.1863425925926 399.4810956790124 447.2922453703704 445.9826388888889 422.1913580246913 269.9774305555555


