# Created by Octave 4.2.2, Wed Aug 01 15:46:27 2018 CEST <arun@hplaptop>
# name: vect_mad
# type: matrix
# rows: 1
# columns: 180
 0.7530864197530864 0.5347222222222222 13.65740740740741 13.25983796296296 12.70351080246914 6.134066358024691 11.82253086419753 12.47916666666667 10.86786265432099 11.84201388888889 5.863233024691358 10.54822530864197 10.59876543209877 11.30729166666667 5.272376543209877 10.33024691358025 9.702353395061728 9.655671296296296 8.959104938271604 4.713927469135802 9.247878086419753 9.440007716049383 8.5 8.505401234567902 7.424575617283951 3.917631172839506 7.16261574074074 4.190972222222222 5.093557098765432 4.520447530864198 4.373842592592593 3.004436728395062 4.564043209876544 2.893518518518519 3.376543209876543 4.144483024691358 2.354166666666667 4.674382716049383 4.753086419753086 5.16087962962963 5.774305555555555 2.60570987654321 5.648341049382716 6.472222222222222 7.21875 7.991319444444445 8.690972222222221 8.62962962962963 8.648148148148149 9.136574074074074 9.094521604938272 9.700038580246913 1.674961419753086 9.345100308641975 9.397376543209877 9.538966049382717 9.915895061728396 10.80401234567901 10.94926697530864 11.70929783950617 12.1352237654321 12.05613425925926 12.9122299382716 4.406442901234568 13.74112654320988 15.04706790123457 14.6923225308642 16.74170524691358 16.86805555555556 17.64949845679012 17.89853395061728 18.00327932098766 18.27854938271605 20.59278549382716 3.969714506172839 22.07793209876543 22.89949845679012 22.22627314814815 6.816936728395062 12.68595679012346 17.99074074074074 24.79976851851852 23.96701388888889 21.87364969135803 20.13329475308642 19.50424382716049 19.67573302469136 19.07002314814815 6.703317901234568 19.03298611111111 18.34375 18.36882716049383 19.71431327160494 11.90760030864197 17.82523148148148 15.25906635802469 19.65972222222222 15.2337962962963 13.22145061728395 12.79012345679012 12.90528549382716 13.98456790123457 14.53356481481481 15.22453703703704 13.29263117283951 19.11207561728395 12.70177469135803 17.30343364197531 17.47164351851852 19.28452932098766 18.92438271604938 13.27604166666667 24.82118055555556 15.33719135802469 15.18055555555556 25.18865740740741 12.20987654320988 17.60686728395062 22.2139274691358 15.53626543209877 13.77816358024691 14.41049382716049 14.27353395061728 13.3431712962963 13.60783179012346 13.19540895061728 13.49151234567901 13.31655092592593 12.40644290123457 10.95929783950617 11.41261574074074 10.6195987654321 9.78028549382716 8.280671296296296 8.202546296296296 6.88136574074074 11.09895833333333 12.81288580246914 13.01157407407407 13.16145833333333 10.36188271604938 5.673996913580247 8.312692901234568 8.407600308641975 10.44174382716049 6.845100308641975 8.862461419753087 9.304012345679013 9.151234567901234 9.765046296296296 10.01060956790123 10.64718364197531 10.91840277777778 11.20023148148148 12.73476080246914 13.28935185185185 13.52218364197531 13.02739197530864 12.33815586419753 10.42341820987654 8.334876543209877 7.719135802469136 6.612268518518518 7.743248456790123 7.971643518518518 10.11246141975309 8.749807098765432 9.641010802469136 9.330825617283951 10.60262345679012 11.33989197530864 12.70119598765432 13.25694444444444 13.49594907407407 14.76273148148148 16.34066358024691 16.50154320987654 16.99903549382716 16.53510802469136 16.27488425925926


