# Created by Octave 4.2.2, Wed Aug 01 15:46:27 2018 CEST <arun@hplaptop>
# name: vect_msd
# type: matrix
# rows: 1
# columns: 180
 1.88966049382716 1.052083333333333 693.1558641975308 665.1124614197531 638.765625 156.9106867283951 560.7515432098766 611.0300925925926 509.0310570987654 549.2471064814815 175.5380015432099 508.820987654321 464.6913580246913 528.3238811728395 133.4128086419753 464.983024691358 394.532600308642 389.609375 352.6404320987654 74.75289351851852 334.6425540123457 369.5322145061729 335.4988425925926 298.2430555555555 226.7309027777778 45.83159722222222 187.5854552469136 57.82600308641975 104.8805941358025 70.02932098765432 63.14930555555556 28.01176697530864 62.5462962962963 23.58680555555556 30.47029320987654 48.78645833333334 12.67978395061728 73.27546296296296 91.6628086419753 115.3344907407407 136.7353395061728 20.83217592592593 138.8080632716049 181.7862654320988 247.0050154320988 310.1649305555555 367.1871141975309 345.7635030864197 353.1442901234568 408.676311728395 390.2438271604938 470.7702546296296 13.34162808641975 458.4322916666667 463.1014660493827 493.8152006172839 500.5447530864197 575.0679012345679 569.8740354938271 657.6726466049382 634.7791280864197 660.3474151234568 703.8732638888889 76.66377314814815 738.320987654321 818.7507716049382 783.8694058641976 949.0565200617284 961.8649691358024 1008.36824845679 991.2411265432099 1047.237847222222 1104.351466049383 1340.597415123457 117.3690200617284 1527.851466049383 1651.662615740741 1666.974344135803 405.3219521604938 702.3233024691358 1123.844907407407 1820.138888888889 1698.218942901235 1454.549961419753 1311.369791666667 1258.920138888889 1270.389467592593 1185.315007716049 324.9074074074074 1179.103973765432 1173.255401234568 1203.622685185185 1343.548804012346 524.9762731481482 945.6153549382716 609.8744212962963 1189.447916666667 607.0173611111111 483.6898148148148 458.6697530864197 459.3069058641975 607.5856481481482 712.761188271605 777.7951388888889 607.8049768518518 1386.806520061728 674.96875 1276.252893518518 1320.900655864197 1524.962770061728 1464.679012345679 849.3987268518518 1989.742476851852 951.5131172839506 932.8985339506173 1961.768904320988 703.3765432098766 1159.323688271605 1456.490933641975 845.6840277777778 724.5879629629629 761.4683641975308 751.519675925926 727.7000385802469 760.410686728395 707.9403935185185 742.0999228395061 746.5260416666666 680.4824459876543 615.3038194444445 627.6082175925926 577.6581790123457 496.8917824074074 440.9407793209876 397.4814814814815 345.2895447530864 643.9072145061729 782.8931327160494 817.1589506172839 824.3134645061729 596.0787037037037 211.0686728395062 439.1313657407408 452.4268904320988 598.4903549382716 318.171875 443.7999614197531 486.5177469135803 463.8996913580247 492.3402777777778 538.1452546296297 560.7366898148148 571.8875385802469 565.6030092592592 677.1502700617284 719.6863425925926 745.0129243827161 692.9255401234568 686.8813657407408 604.8701774691358 427.1712962962963 379.3198302469136 269.8179012345679 359.8435570987654 353.2436342592592 500.1128472222222 396.9805169753087 471.5997299382716 440.7744984567901 536.3738425925926 582.0609567901234 658.3412422839506 708.1867283950618 722.0291280864197 794.3742283950618 888.2962962962963 895.6905864197531 966.9438657407408 968.8510802469136 989.8493441358024


