# Created by Octave 4.2.2, Mon Jul 30 21:32:24 2018 CEST <arun@hplaptop>
# name: vect_mad
# type: matrix
# rows: 1
# columns: 906
 1.067322530864198 3.563078703703704 4.028356481481482 3.508101851851852 2.265239197530864 2.653163580246914 2.910300925925926 2.435956790123457 1.853780864197531 1.424382716049383 5.515046296296297 7.841242283950617 4.279513888888889 2.091435185185185 4.657214506172839 6.150077160493828 7.565393518518518 6.292824074074074 6.188078703703703 6.078125 5.339699074074074 5.049189814814815 4.746527777777778 3.373649691358025 3.587384259259259 2.548418209876543 3.09837962962963 3.059799382716049 2.89795524691358 2.869598765432099 4.871141975308642 5.744020061728395 5.723765432098766 6.167052469135802 5.793016975308642 5.85204475308642 5.701003086419753 5.297453703703703 5.185185185185185 5.101273148148148 4.351658950617284 3.555555555555555 4.347993827160494 4.41087962962963 4.314043209876544 2.185570987654321 3.65991512345679 2.151427469135803 2.353009259259259 1.66358024691358 1.971643518518519 2.559220679012346 3.210841049382716 2.502700617283951 2.14525462962963 2.846064814814815 2.268711419753086 2.568865740740741 2.665123456790123 2.232060185185185 2.52662037037037 1.549961419753086 2.315007716049383 2.265046296296296 3.85108024691358 6.376350308641975 8.724151234567902 9.251157407407407 9.946566358024691 11.57098765432099 12.3695987654321 11.63946759259259 12.25848765432099 13.89679783950617 14.44502314814815 15.875 17.52372685185185 19.53800154320988 19.01581790123457 19.83236882716049 21.98090277777778 19.31057098765432 15.98533950617284 15.50385802469136 14.69251543209877 11.49479166666667 9.600308641975309 9.338541666666666 7.684220679012346 9.877314814814815 10.50733024691358 9.721064814814815 8.895640432098766 9.027584876543211 9.037037037037036 8.247299382716049 7.498842592592593 7.551890432098766 8.663001543209877 7.985146604938271 7.784143518518518 8.494791666666666 9.344521604938272 9.090470679012345 8.586998456790123 8.684220679012345 9.173996913580247 8.697723765432098 7.41454475308642 7.080825617283951 6.879822530864198 7.531635802469136 7.114390432098766 7.20679012345679 7.620177469135802 8.190972222222221 8.480131172839506 8.584297839506172 9.172453703703704 8.890432098765432 8.307098765432098 8.590470679012345 8.050154320987655 7.904320987654321 8.321952160493828 8.437114197530864 8.607831790123457 9.801697530864198 9.408371913580247 8.826195987654321 8.826388888888889 8.965084876543211 6.959683641975309 7.340470679012346 8.065007716049383 8.376350308641975 8.629243827160494 7.996141975308642 7.900270061728395 8.002893518518519 8.243827160493828 8.446373456790123 7.77662037037037 6.947337962962963 6.546103395061729 6.251157407407407 6.604359567901234 5.921296296296297 4.585262345679013 5.094135802469136 6.217206790123456 6.171682098765432 6.777006172839506 6.951967592592593 7.314429012345679 7.628086419753086 8.341628086419753 8.433641975308642 8.943479938271604 11.53202160493827 14.61188271604938 16.54378858024691 18.72569444444444 21.31655092592593 23.95987654320988 27.27662037037037 31.95736882716049 33.8761574074074 34.48013117283951 33.46508487654321 32.64467592592592 32.69502314814815 32.36651234567901 31.1766975308642 28.37287808641975 26.21701388888889 23.34529320987654 17.78973765432099 16.25270061728395 15.57966820987654 15.16319444444444 12.01446759259259 10.20756172839506 10.10223765432099 10.67554012345679 10.48128858024691 11.02353395061728 11.81172839506173 12.95563271604938 13.64814814814815 10.6616512345679 12.73263888888889 12.99710648148148 12.21296296296296 15.66763117283951 14.41280864197531 10.64197530864197 9.088155864197532 7.702739197530864 7.515239197530864 9.562114197530864 9.320794753086419 9.227623456790123 9.062307098765432 9.190586419753087 9.690007716049383 9.371720679012345 8.221257716049383 7.377121913580247 6.899305555555555 8.177469135802468 9.247106481481481 10.94077932098766 12.80266203703704 18.82561728395062 20.9008487654321 23.10686728395062 33.89891975308642 42.61188271604938 35.02449845679013 31.2764274691358 31.89255401234568 23.39776234567901 23.11458333333333 23.65470679012346 16.8070987654321 13.70023148148148 8.53761574074074 7.91358024691358 9.782793209876543 11.36458333333333 12.04398148148148 12.45023148148148 10.22781635802469 10.1087962962963 9.855131172839506 8.336419753086419 7.328896604938271 7.565586419753086 7.301118827160494 7.133487654320987 7.785300925925926 8.109760802469136 7.19386574074074 8.991126543209877 8.477430555555555 9.03125 9.077739197530864 8.298032407407407 7.919560185185185 8.601273148148149 7.028549382716049 5.751543209876544 4.738425925925926 4.828703703703703 3.717978395061728 5.52662037037037 5.482831790123456 4.51195987654321 5.796682098765432 5.176311728395062 5.197530864197531 5.332561728395062 6.797839506172839 16.66145833333333 39.58912037037037 49.3275462962963 42.2042824074074 43.61361882716049 37.70408950617284 18.56057098765432 11.08564814814815 6.08275462962963 6.482831790123456 6.669367283950617 7.341628086419753 5.495563271604938 6.683641975308642 6.346643518518518 4.982831790123456 6.201581790123456 4.518711419753086 5.967592592592593 5.505979938271605 6.724729938271605 7.350887345679013 6.28954475308642 6.892554012345679 6.261766975308642 6.028935185185185 6.741319444444445 6.458333333333333 7.107831790123456 6.181905864197531 6.136381172839506 5.801311728395062 5.706597222222222 5.767361111111111 6.022762345679013 6.011381172839506 8.025848765432098 26.78530092592593 46.71913580246913 39.31712962962963 23.13811728395062 18.32426697530864 16.5721450617284 12.72665895061728 15.81365740740741 16.6454475308642 10.46797839506173 9.582175925925926 9.437114197530864 7.684606481481482 7.934992283950617 10.3431712962963 10.68287037037037 9.816936728395062 9.895447530864198 7.966242283950617 8.555169753086419 11.32310956790123 8.041280864197532 8.019290123456789 7.938850308641975 7.005594135802469 5.851466049382716 5.626929012345679 4.71875 4.443287037037037 2.802469135802469 2.662422839506173 4.91454475308642 5.14525462962963 4.022183641975309 4.434220679012346 4.115547839506172 4.594135802469136 4.239197530864198 4.236496913580247 4.865354938271605 5.336998456790123 6.525077160493828 8.706211419753087 8.407793209876543 7.749421296296297 4.750192901234568 3.301118827160494 1.916473765432099 3.013117283950617 2.100887345679012 3.106095679012346 2.637345679012346 2.620563271604938 3.347222222222222 3.099344135802469 2.576003086419753 2.066936728395062 2.484953703703704 2.75366512345679 3.006944444444445 2.827546296296296 3.26929012345679 3.805362654320988 3.698302469135803 4.068672839506172 5.003472222222222 6.429591049382716 9.129050925925926 14.56404320987654 20.80748456790123 18.16280864197531 15.33140432098766 14.63695987654321 13.82908950617284 14.2494212962963 12.38850308641975 10.6983024691358 11.39101080246914 11.09567901234568 9.534722222222221 9.01466049382716 7.900077160493828 7.403742283950617 6.642554012345679 6.401427469135802 5.94945987654321 6.1875 7.360918209876544 9.160686728395062 10.15721450617284 10.00462962962963 10.39390432098766 7.340470679012346 3.097993827160494 4.916859567901234 6.065972222222222 5.713541666666667 4.331597222222222 5.940393518518518 5.975308641975309 5.213927469135802 5.501736111111111 5.332368827160494 4.648148148148148 6.371720679012346 5.297067901234568 3.989969135802469 2.88599537037037 3.044367283950617 3.065007716049383 4.55516975308642 2.841628086419753 5.154128086419753 3.028163580246914 3.37133487654321 5.415702160493828 3.621141975308642 4.407793209876544 4.932484567901234 5.568672839506172 6.375192901234568 7.97800925925926 7.450231481481482 9.662808641975309 11.31520061728395 8.577353395061728 8.429398148148149 9.375771604938272 7.999421296296297 8.631751543209877 9.939236111111111 10.89776234567901 11.82523148148148 9.771026234567902 7.903163580246914 7.246141975308642 8.700231481481481 9.216242283950617 8.055169753086419 10.07986111111111 13.51253858024691 