# Created by Octave 4.2.2, Mon Jul 30 21:32:24 2018 CEST <arun@hplaptop>
# name: vect_msd
# type: matrix
# rows: 1
# columns: 906
 3.012924382716049 55.99749228395062 58.69270833333334 50.92785493827161 27.49980709876543 49.48765432098765 42.86130401234568 35.73649691358025 22.71141975308642 17.64236111111111 121.1006944444444 227.634837962963 88.02334104938272 30.47337962962963 92.47434413580247 153.412037037037 215.1506558641975 169.6099537037037 151.1356095679012 151.8358410493827 105.0896990740741 89.18306327160494 82.77160493827161 44.10435956790123 37.39834104938272 16.42033179012346 46.14930555555556 32.47608024691358 34.91608796296296 35.2962962962963 80.98070987654322 108.9519675925926 108.1793981481482 120.9922839506173 121.1217206790123 117.6325231481482 138.3969907407407 114.3190586419753 103.6983024691358 113.9419367283951 95.25520833333333 61.14158950617284 77.37770061728395 78.79629629629629 76.73533950617283 28.4783950617284 47.02989969135803 41.55960648148148 31.20293209876543 18.77662037037037 25.65837191358025 31.63560956790123 46.09702932098765 39.91358024691358 29.41570216049383 43.63348765432099 36.56076388888889 36.49787808641975 38.83796296296296 34.62712191358025 27.14236111111111 19.06385030864197 17.02449845679012 31.09143518518519 58.36728395061728 158.6842206790124 261.0756172839506 266.9367283950617 281.5387731481482 355.1851851851852 394.7712191358025 366.1174768518518 453.6331018518518 634.3751929012345 687.248649691358 906.7874228395061 1076.500578703704 1271.668788580247 1246.288580246914 1295.064236111111 1499.397183641975 1267.509645061728 964.4552469135803 933.3530092592592 867.3973765432099 652.160686728395 486.1882716049383 440.3092206790124 311.651813271605 490.229938271605 478.0597993827161 468.4737654320988 490.3273533950617 402.1892361111111 390.7411265432099 364.0354938271605 300.568287037037 334.5495756172839 381.3234953703704 367.3485725308642 340.1657021604938 388.8319830246913 468.5320216049383 441.5144675925926 399.9994212962963 401.4222608024691 394.6045524691358 360.4971064814815 280.9280478395062 201.1487268518518 204.7521219135803 227.483024691358 246.7683256172839 271.2434413580247 289.8728780864197 328.662037037037 376.6506558641975 408.1525848765432 424.8715277777778 377.7654320987654 382.4972993827161 384.8802083333333 319.2662037037037 282.8881172839506 303.3601466049383 304.4425154320988 297.1232638888889 350.9224537037037 336.3350694444445 301.3709490740741 301.6577932098766 305.0117669753087 241.1726466049383 266.7289737654321 258.8362268518518 248.1413966049383 251.3777006172839 226.8472222222222 225.8539737654321 228.828125 244.8703703703704 259.7449845679012 246.7835648148148 209.9905478395062 200.9106867283951 192.1805555555555 216.3200231481482 188.9564043209876 126.5821759259259 162.0771604938272 223.3337191358025 200.8587962962963 213.1481481481482 217.6780478395062 234.7006172839506 239.8364197530864 287.6815200617284 301.0158179012346 310.813850308642 569.6226851851852 987.4907407407408 1238.332368827161 1512.878858024691 1834.39949845679 2131.040895061728 2601.536651234568 3141.391396604938 3274.369212962963 3218.806520061728 3040.196180555556 2982.429398148148 2994.04224537037 2917.594135802469 2725.605709876543 2361.953896604938 2020.789930555556 1672.912422839506 1111.405092592593 1014.697145061728 948.2914737654321 798.2943672839506 651.5877700617284 489.758487654321 513.3248456790124 409.5991512345679 377.7062114197531 463.7816358024691 476.7816358024691 594.5443672839506 653.1601080246913 383.2951388888889 629.9510030864197 715.9882330246913 663.741512345679 975.7980324074074 867.9664351851852 553.6774691358024 392.8832947530864 277.245563271605 284.2841435185185 451.1774691358025 411.4619984567901 504.360725308642 434.0129243827161 536.983024691358 639.7937885802469 615.9944058641976 477.6927083333333 399.3192515432099 383.2627314814815 488.3283179012346 797.0098379629629 1000.717013888889 1074.944637345679 1846.000385802469 2049.349922839506 2402.124228395062 4040.521604938272 5728.659722222223 4534.788773148148 3924.035300925926 4054.681134259259 2745.920138888889 2678.566358024691 2886.056712962963 1854.512345679012 1370.005015432099 355.6884645061729 214.2511574074074 288.8321759259259 386.0381944444445 434.2241512345679 446.4594907407408 331.4041280864197 334.3398919753087 340.009837962963 260.7048611111111 186.9639274691358 177.9683641975309 137.9596836419753 98.83063271604938 108.4712577160494 111.4203317901235 88.55999228395062 108.8171296296296 115.1479552469136 124.1936728395062 119.3254243827161 101.4469521604938 99.75135030864197 112.8994984567901 103.8850308641975 89.95447530864197 78.65432098765432 72.92862654320987 58.46682098765432 106.1979166666667 136.5202546296296 104.2507716049383 143.3753858024691 172.6215277777778 178.7835648148148 186.6994598765432 272.7866512345679 1108.848958333333 4309.434413580247 4994.383487654321 3448.834297839506 3303.146026234568 2840.053240740741 995.0258487654321 523.332175925926 147.0831404320988 112.1722608024691 104.3560956790123 99.47704475308642 88.92650462962963 133.1832561728395 74.39101080246914 55.71971450617284 75.43730709876543 45.83275462962963 62.04359567901235 66.80420524691358 147.0954861111111 177.4951774691358 119.4149305555556 132.7235725308642 149.9238040123457 99.43557098765432 129.4712577160494 129.2739197530864 241.7150848765432 214.6930941358025 247.5858410493827 213.6423611111111 238.4893904320988 280.758487654321 294.9355709876543 329.8925540123457 474.520061728395 2496.718942901235 5506.908564814815 4239.524305555556 1045.369212962963 711.6749614197531 569.6485339506173 433.0426311728395 574.9039351851852 628.5671296296297 333.6485339506173 255.7793209876543 245.7380401234568 198.7887731481482 192.8505015432099 294.8215663580247 311.173225308642 282.9697145061729 278.4039351851852 213.8643904320988 219.8842592592593 319.4292052469136 150.4741512345679 159.3742283950617 182.7224151234568 158.7860725308642 128.141975308642 99.18479938271605 97.8996913580247 84.93672839506173 51.07368827160494 43.23611111111111 90.99672067901234 97.26060956790124 94.4789737654321 65.74980709876543 87.35860339506173 95.96064814814815 93.20370370370371 91.25462962962963 111.5999228395062 121.5441743827161 160.6682098765432 258.0619212962963 246.4070216049383 213.765625 112.1734182098765 49.34510030864197 29.86824845679012 31.49305555555556 41.82426697530864 75.57561728395062 61.15200617283951 51.97665895061728 60.08526234567901 72.13676697530865 45.51581790123457 36.74980709876543 46.50925925925926 44.30613425925926 58.64853395061728 66.80092592592592 79.53317901234568 98.80111882716049 95.47685185185185 109.9344135802469 134.4197530864197 166.9176311728395 274.3261959876543 532.3611111111111 885.3989197530864 701.613425925926 545.0123456790124 495.443287037037 459.9891975308642 487.0364583333333 374.8491512345679 311.8726851851852 358.9118441358025 364.9953703703704 335.6134259259259 316.0331790123457 243.2939814814815 193.1147762345679 215.9866898148148 187.350887345679 169.5204475308642 186.7457561728395 225.8767361111111 349.0160108024691 330.2490354938271 321.4652777777778 323.5910493827161 230.1730324074074 101.0501543209877 179.6900077160494 220.7507716049383 234.3601466049383 152.3292824074074 215.728587962963 229.7071759259259 206.6082175925926 215.7000385802469 209.3933256172839 175.8425925925926 231.3308256172839 220.5189043209876 149.7638888888889 72.4230324074074 98.17476851851852 84.90219907407408 120.8221450617284 95.4789737654321 137.3994984567901 107.6145833333333 88.11554783950618 196.7490354938272 104.4174382716049 186.3611111111111 173.0289351851852 212.1574074074074 246.1105324074074 290.3557098765432 271.8275462962963 323.9837962962963 535.0551697530864 357.242862654321 328.9953703703704 390.2345679012346 347.6977237654321 339.0873842592592 401.6599151234568 442.3059413580247 441.4826388888889 345.4612268518518 253.6219135802469 165.2087191358025 226.9706790123457 298.967399691358 