# Created by Octave 4.2.2, Mon Jul 30 22:12:52 2018 CEST <arun@hplaptop>
# name: vect_mad
# type: matrix
# rows: 1
# columns: 150
 0.402391975308642 2.868055555555555 5.086226851851852 5.21875 4.121527777777778 4.48070987654321 4.231481481481482 4.60108024691358 4.337577160493828 4.162229938271605 4.859375 5.300925925925926 6.532600308641975 8.640817901234568 8.383680555555555 7.658950617283951 4.63695987654321 3.100694444444445 1.820023148148148 2.991512345679012 2.051311728395062 3.029128086419753 2.572530864197531 2.504050925925926 3.338541666666667 2.994598765432099 2.49537037037037 2.00733024691358 2.38599537037037 2.654706790123457 2.941743827160494 2.769483024691358 3.190007716049383 3.711998456790123 3.662037037037037 4.002314814814815 4.967978395061729 6.412422839506172 9.119020061728396 14.54726080246914 20.7758487654321 18.17496141975309 15.29282407407407 14.62596450617284 13.80922067901234 14.2241512345679 12.38966049382716 10.68190586419753 11.39197530864197 11.07503858024691 9.499421296296296 8.983796296296296 7.836612654320987 7.377507716049383 6.604552469135802 6.39699074074074 5.91261574074074 6.117091049382716 7.297453703703703 9.119791666666666 10.18306327160494 9.976658950617283 10.38117283950617 7.334104938271605 3.014274691358025 4.860339506172839 6.052662037037037 5.701003086419753 4.269097222222222 5.903935185185185 5.95775462962963 5.123649691358025 5.500771604938271 5.29224537037037 4.595679012345679 6.309606481481482 5.27758487654321 3.924575617283951 2.747685185185185 2.991126543209877 2.995563271604938 4.482445987654321 2.775270061728395 5.109760802469136 3.032600308641975 3.295910493827161 5.364969135802469 3.536458333333333 4.39699074074074 4.930941358024691 5.516010802469136 6.358603395061729 7.962191358024691 7.400655864197531 9.66087962962963 11.34683641975309 8.510223765432098 8.372492283950617 9.381172839506172 7.96875 8.579475308641975 9.91261574074074 10.88618827160494 11.79610339506173 9.72511574074074 7.868827160493828 7.184413580246914 8.694058641975309 9.154899691358025 8.048032407407407 10.03954475308642 13.49382716049383 14.13001543209877 7.016975308641975 5.662037037037037 11.03703703703704 9.946373456790123 7.654899691358025 5.804783950617284 5.602816358024691 7.75366512345679 7.92824074074074 7.422839506172839 6.512538580246914 5.570216049382716 3.073688271604938 5.763117283950617 7.460262345679013 6.81886574074074 6.01099537037037 6.931905864197531 7.221450617283951 7.377507716049383 9.146604938271604 8.878472222222221 7.086226851851852 7.258680555555555 11.50868055555556 16.08622685185185 16.80748456790123 17.83545524691358 21.09645061728395 18.74344135802469 17.30979938271605 14.39274691358025 11.60030864197531 12.67862654320988 12.77237654320988 13.88753858024691 15.49112654320988


