# Created by Octave 4.2.2, Mon Jul 30 22:12:52 2018 CEST <arun@hplaptop>
# name: vect_msd
# type: matrix
# rows: 1
# columns: 150
 0.7484567901234568 45.80864197530864 97.57851080246914 98.91010802469135 97.15007716049382 67.7199074074074 95.62307098765432 95.03086419753086 93.92283950617283 91.75752314814815 111.5059799382716 122.8402777777778 160.2432484567901 256.2226080246913 247.2922453703704 211.3236882716049 109.9810956790123 44.96527777777778 26.11554783950617 30.33989197530864 40.6087962962963 74.04648919753086 63.75848765432099 53.49131944444444 60.61207561728395 71.75810185185185 45.1574074074074 33.13618827160494 43.4735725308642 39.73456790123457 58.52237654320987 67.05574845679013 77.86979166666667 98.49942129629629 99.03356481481481 109.5092592592593 135.4108796296296 166.0034722222222 273.0206404320988 532.2926311728395 884.5929783950618 703.0534336419753 543.7677469135803 495.0773533950617 459.688850308642 485.7002314814815 373.9363425925926 312.1116898148148 359.2596450617284 362.4882330246913 331.9238040123457 314.266975308642 237.7555941358025 192.8204089506173 214.8271604938272 186.2708333333333 163.7328317901235 176.5684799382716 220.6902006172839 345.1788194444445 329.7027391975309 319.6826774691358 323.1902006172839 230.6292438271605 95.93248456790124 173.2037037037037 221.1163194444445 235.4066358024691 149.9253472222222 215.7777777777778 229.9639274691358 202.1618441358025 215.9992283950617 207.5310570987654 173.4494598765432 230.9959490740741 219.3458719135803 151.2953317901235 69.75308641975309 96.87847222222223 83.46199845679013 114.2301311728395 91.05536265432099 134.5719521604938 113.6363811728395 88.77777777777777 198.829475308642 101.6568287037037 189.4456018518518 177.6149691358025 211.1437114197531 243.5449459876543 289.6998456790124 269.7891589506173 324.3722993827161 537.1215277777778 352.2490354938271 324.9211033950617 389.5941358024691 345.4845679012346 337.4969135802469 400.8119212962963 441.1141975308642 439.3084490740741 343.2316743827161 254.3341049382716 164.5154320987654 226.022762345679 295.1444830246913 244.5904706790124 374.6020447530864 459.2029320987654 482.6844135802469 222.6543209876543 138.9035493827161 352.798225308642 337.4749228395062 253.5534336419753 182.1743827160494 178.0738811728395 238.3871527777778 224.1712962962963 220.164737654321 201.2162422839506 171.4760802469136 52.45601851851852 156.1875 193.6952160493827 224.6224922839506 195.1969521604938 230.7054398148148 241.662037037037 235.3377700617284 301.454475308642 296.4143518518518 197.5893132716049 242.9712577160494 445.6873070987654 784.4002700617284 967.451774691358 1083.418788580247 1401.555941358025 972.9347993827161 858.4135802469136 733.2118055555555 683.9579475308642 557.9683641975308 571.1412037037037 815.6417824074074 948.6149691358024


