# Created by Octave 4.2.2, Sat Aug 04 19:44:28 2018 CEST <arun@hplaptop>
# name: vect_mad
# type: matrix
# rows: 1
# columns: 180
 0.1427469135802469 7.94212962962963 7.432484567901234 6.600308641975309 5.595100308641975 3.116126543209877 5.791280864197531 7.470679012345679 6.860725308641975 6.030864197530864 6.962577160493828 7.184413580246914 7.369020061728395 9.142361111111111 8.864390432098766 7.11400462962963 7.254822530864198 11.53530092592593 16.08024691358025 16.80960648148148 17.84047067901234 21.10358796296296 18.74633487654321 17.31539351851852 14.38831018518519 11.59278549382716 12.69386574074074 12.78703703703704 13.87364969135803 15.50713734567901 14.38445216049383 11.31327160493827 8.888888888888889 6.940779320987654 10.16454475308642 11.57349537037037 15.25 18.90586419753086 18.71624228395062 14.44907407407407 12.42824074074074 10.51331018518519 7.906828703703703 8.480131172839506 6.251736111111111 4.657214506172839 4.045717592592593 3.464313271604938 2.72608024691358 2.292052469135803 1.980131172839506 1.716820987654321 1.87403549382716 1.846450617283951 2.139081790123457 0.8902391975308642 2.087191358024691 2.600694444444445 1.506172839506173 1.370563271604938 1.825038580246914 3.542631172839506 2.411844135802469 2.890239197530864 4.814429012345679 4.974537037037037 7.97608024691358 6.569637345679013 6.572723765432099 4.080054012345679 3.579089506172839 3.502700617283951 5.80150462962963 7.069444444444445 5.791473765432099 4.852430555555555 5.930555555555555 7.196952160493828 6.998842592592593 4.108603395061729 4.524498456790123 5.953703703703703 6.289351851851852 3.788966049382716 4.447723765432099 6.978973765432099 5.905092592592593 3.375 4.573109567901234 6.476658950617284 5.667824074074074 4.170910493827161 5.675347222222222 5.766396604938271 3.675154320987654 5.283757716049383 6.041666666666667 5.003279320987654 2.914930555555555 4.963734567901234 5.237268518518518 3.605131172839506 4.175154320987654 5.189621913580247 3.545910493827161 3.309799382716049 1.648148148148148 2.941743827160494 2.635030864197531 2.258873456790123 3.402391975308642 3.201967592592593 4.322530864197531 4.86863425925926 4.288387345679013 4.412422839506172 5.145447530864198 4.816743827160494 3.720100308641975 6.624228395061729 4.379822530864198 3.566358024691358 4.582947530864198 2.883873456790123 4.945601851851852 5.95679012345679 4.007716049382716 4.535686728395062 6.128472222222222 4.127893518518518 7.851466049382716 8.03125 4.677469135802469 5.836612654320987 6.85474537037037 3.643711419753086 6.016975308641975 6.438657407407407 4.137345679012346 6.371720679012346 8.857831790123457 5.626736111111111 4.858796296296297 6.296489197530864 6.174575617283951 4.939043209876544 5.805362654320987 4.42650462962963 4.087770061728395 6.027970679012346 6.286651234567901 6.211226851851852 6.670717592592593 5.889853395061729 6.624228395061729 6.832368827160494 6.802083333333333 7.93113425925926 9.440200617283951 9.002893518518519 8.771604938271604 7.114583333333333 6.232060185185185 6.55613425925926 7.172453703703703 7.195023148148148 6.89891975308642 7.081404320987654 6.123842592592593 7.636381172839506 6.141396604938271 5.696373456790123 6.541473765432099 6.335262345679013 5.67824074074074 4.377893518518518 4.959297839506172 3.130015432098765 2.945601851851852 4.15258487654321


