# Created by Octave 4.2.2, Sat Aug 04 19:44:28 2018 CEST <arun@hplaptop>
# name: vect_msd
# type: matrix
# rows: 1
# columns: 180
 0.1624228395061728 225.2179783950617 222.5447530864197 206.3260030864197 173.4172453703704 54.625 157.7160493827161 194.8125 225.6168981481482 195.0096450617284 230.1030092592593 238.6230709876543 235.640625 300.2843364197531 295.8312114197531 199.0704089506173 241.8728780864197 445.9268904320988 782.0574845679013 967.6286651234568 1083.363233024691 1402.228587962963 974.6313657407408 858.9087577160494 733.4658564814815 684.0017361111111 557.7189429012345 572.2993827160494 815.6271219135803 949.433063271605 854.7976466049382 687.8456790123457 407.5960648148148 205.2393904320988 344.2602237654321 527.9060570987655 856.3225308641976 1237.82600308642 1145.808449074074 704.102237654321 589.0459104938271 448.8940972222222 303.3859953703704 253.8890817901235 215.1525848765432 163.0067515432099 135.8647762345679 129.430362654321 94.78935185185185 64.29938271604938 65.03761574074075 39.55594135802469 14.77025462962963 14.0570987654321 18.69888117283951 9.277199074074074 12.10918209876543 27.63001543209877 33.08796296296296 32.29494598765432 54.44656635802469 96.79378858024691 102.7964891975309 96.93885030864197 107.2708333333333 177.4375 302.7773919753087 302.7154706790124 246.9187885802469 166.9265046296296 109.3618827160494 96.68518518518519 223.8227237654321 368.7438271604938 353.5129243827161 148.7339891975309 214.9506172839506 361.3069058641975 342.2260802469136 163.3466435185185 149.751350308642 244.0470679012346 349.5331790123457 201.7156635802469 174.2424768518518 319.4369212962963 301.9521604938271 129.1639660493827 167.396412037037 324.3478009259259 249.8425925925926 148.5443672839506 277.3751929012346 296.6657021604938 132.5655864197531 197.8416280864197 307.8483796296296 256.0920138888889 110.1884645061728 227.1994598765432 273.7083333333333 141.1383101851852 138.7492283950617 259.4747299382716 155.1230709876543 120.3811728395062 53.81018518518518 106.1543209876543 82.04513888888889 85.99614197530865 133.5601851851852 109.9249614197531 146.9961419753086 187.6572145061728 144.4469521604938 160.2345679012346 234.2689043209876 202.0108024691358 113.1460262345679 277.8499228395062 211.6082175925926 113.704475308642 209.2013888888889 90.24421296296296 208.5798611111111 293.6601080246913 167.8225308641975 172.279899691358 322.2932098765432 164.9145447530864 384.229938271605 445.505787037037 201.7577160493827 215.6228780864197 361.9130015432099 141.2482638888889 286.9483024691358 329.8966049382716 160.6064814814815 223.6950231481482 408.353587962963 203.9917052469136 176.5366512345679 276.0545910493827 273.6487268518518 156.6635802469136 169.6768904320988 119.7702546296296 132.6086033950617 252.396412037037 259.9405864197531 234.2636959876543 245.7324459876543 242.7359182098765 259.8464506172839 250.8586033950617 267.8302469135803 341.3346836419753 421.9741512345679 444.3018904320988 412.7878086419753 257.6956018518518 210.7370756172839 233.365162037037 287.2600308641975 272.9913194444445 275.7970679012346 271.9097222222222 218.2218364197531 303.9488811728395 228.6051311728395 148.9756944444445 231.1753472222222 234.9988425925926 163.9402006172839 127.7860725308642 88.0457175925926 38.72337962962963 28.51813271604938 40.28144290123457


