# Created by Octave 4.2.2, Sun Feb 17 09:37:57 2019 CET <arun@hplaptop>
# name: b
# type: matrix
# rows: 1
# columns: 464
 0.04611737037501932 0.07415830181223396 0.09202598852183827 0.1109738662558324 0.1051148111319914 0.06050464920697334 0.07285872160061242 0.07669519428209566 0.07183452000005455 0.08053423047878867 0.0789526115737253 0.06845920206450988 0.06833103204496664 0.0682144419280149 -0.2247557796923479 -0.2121677125242533 -0.2501603080707698 -0.2080088202505803 0.1093043563608278 0.3293050900068141 -0.370985108878683 -0.02016778885025777 -0.1000607868207032 -0.1856471409393483 -0.06755563844482594 -0.04012491862143839 -0.1150109813051588 -0.1124035753749503 -0.1338784892868667 -0.1202710322946442 -0.1367147594514863 -0.1455777527466741 -0.09373852627987843 -0.04589863539919798 -0.05325098063769158 -0.1013039929998551 -0.106627406787191 -0.1043118385540038 0.1950037267742024 -0.08430343923096825 0.1911242974896024 -0.1206979947062271 -0.01345821461673176 -0.1206023351171157 -0.04031482638263609 -0.2707668328050047 -0.09869484023660066 -0.06962546778667206 -0.03869003940200719 -0.06779490545282216 -0.07387592640297753 -0.09303440096641918 -0.03167879624139254 -0.009737876071692122 0.02247643940244235 0.008360974674082325 0.0472845190921398 0.1935363854106382 0.1670127919738417 0.208175398016976 0.09178717048219658 0.177680521924011 0.121748318848521 0.2131729158213858 0.1397033188878868 0.1616054126790595 0.1402979864531731 0.2122490232516367 0.155359186706834 0.1311620294357257 -0.03950094761240634 0.07519164892405887 0.233514646515087 0.3102995916956743 0.3270793858947578 0.2929900698173203 0.3414751920920058 0.2320911072321897 0.2683735396251932 0.2327867365749707 0.2125920664221573 0.1846614455950716 0.241588260951083 0.3379320160590784 0.2235486177710334 0.1937605260009408 0.1461860733252069 0.1839963882582884 0.1721349540261109 0.2644270893183113 0.1995724912686299 0.1735575378525878 0.2441136967016657 0.1558359770827621 0.2534573415692507 0.09020977003561823 0.07626563479019585 0.09241148594765387 0.1057751317554807 0.06203447804353907 0.007515833925624851 0.03411905157243732 0.02662754714897473 0.04780255035403837 -0.05169696101302178 -0.1059370271115011 -0.05773349814960884 -0.02045472312282918 -0.01233702208020423 -0.07585725492239738 -0.09046552129565039 -0.1596091841616623 -0.09426536200196095 -0.1206617533206855 -0.1396093298532995 -0.1034384201749798 -0.1266005499559957 -0.05686934688830681 -0.09926462676798815 -0.08596330686511461 -0.2246844240872368 -0.1683568098564106 -0.2018544381240912 -0.165731328782014 -0.140712932482345 -0.1512024908970435 -0.167839650779059 -0.1867321699337462 -0.195052779667004 -0.1712452398776012 -0.1607185471178942 -0.209161248065113 -0.188530755726392 -0.2332041987126069 -0.228715126327701 -0.2338499682621775 -0.2491235533498872 -0.2244788123030863 -0.1925373382262704 -0.2262909117645144 -0.2561325791179429 -0.2206717431031436 -0.1994724816173978 -0.1781499056874465 -0.1751248043674374 -0.2581105882160674 -0.1702377444310955 -0.1696336416150969 -0.1408397001769631 -0.09376916219777316 -0.1522922910227828 -0.1156566092139186 -0.07742324538044712 0.02568106824850402 -0.1377326404560316 -0.1415810602830505 -0.1510613918687913 -0.1305214333996332 -0.1489142960534409 -0.1703123649255052 -0.1656970278237962 -0.1697435195566929 -0.1331649953443685 -0.1950126523863641 -0.1594767651794408 -0.1649630331603294 -0.1767622569407327 -0.2068027848954124 -0.184774052456894 -0.06150648509918329 -0.2497229527206703 0.07761404656502342 0.1206257494943551 -0.1150618020620141 -0.1627551317866684 -0.07222662343708834 0.08700779495586117 -0.06473645527015516 0.08673667109198725 0.01266061472616606 -0.0337125387862359 -0.1279701925354345 -0.0819191704336988 0.1773207891512163 -0.001133725388784979 -0.03934354136832983 -0.08315591329719724 0.1502553074098456 0.1667128449220663 0.009844960895488268 -0.08307253926219051 -0.03278876358798751 -0.01500234600703769 -0.04285713401245522 0.1030672637009055 0.007274009862342381 0.1105809129053643 0.1425776804873647 0.3363417705635343 0.3425596150140702 0.08593827937961208 0.1372113676091142 0.1201743710828976 0.1430700194285253 0.1529412687607241 0.15915247610796 0.2262439843329447 0.2489167045297077 0.21976933721402 0.08637519444062201 0.1166972245005096 0.1362144672635465 0.1589496981691748 0.16189176354864 0.1559382764887862 0.08631510989399864 0.09643888941687791 0.1033754885549562 0.1157363130792003 0.1769319048038629 0.08014180406739566 0.1766869585911454 0.2015843920745694 0.8027590320550038 0.2183730282821857 0.1126019493111136 0.01586913043714636 0.0650495845277804 0.07264568334084258 0.05550423661458249 0.03154742427291563 0.02655288151420468 0.07922982475835667 0.08308498135640194 0.1291796472853395 0.08033358539079781 0.01609872566825451 0.03591341543244519 0.02442013542777647 0.04354480159747723 0.01083511112826908 -0.01560102742524768 -0.005505118704621361 -0.03971211951419397 -0.02880191911550523 -0.04085008047227719 0.1749301745383505 -0.03078760113988516 0.1191830339130194 0.03600800912965636 -0.07944899227642825 -0.1161234579007617 -0.08448055229433378 -0.06351371408977632 -0.102519150904403 -0.1205340303592797 -0.1334768830012118 -0.04009698775720752 0.0576416869742154 0.09916419173064132 -0.1558529259117102 -0.1087802835216128 -0.1605105620758212 -0.09276387084978259 -0.1157243306399476 -0.1571890942716288 -0.1622219074906292 -0.1537745121204169 -0.1354468818817574 -0.1565320220170134 -0.1952992293259361 -0.1269983629416828 -0.1061059841422981 -0.1525721370393668 -0.1371159817778799 -0.1261478504826538 -0.1568927459916737 -0.1265537222848586 -0.0811518530015838 -0.1345515347921363 -0.1418419919419633 -0.1104025810262648 -0.100606732020165 -0.1179808459263778 -0.07101060307014491 -0.08655503375686346 -0.04476894089894088 -0.0795809309237358 -0.06497848833630537 -0.009341005607505256 -0.07122109538258507 -0.05074392784309384 -0.009362536992192208 0.03367063384913439 -0.02352218766624135 -0.06634699007087366 -0.02331134386605164 0.008055052182526563 0.013446225642392 -0.01744366854660856 0.01930977533571162 -0.03489968300143211 0.02225930539624797 0.06455417398912605 0.03744285697749155 0.03032298533275267 -0.04200701118358546 -0.001019120193893895 0.005226792649839287 0.03410615201888088 0.01420908188347877 0.02376804854111404 0.03316253569000824 0.01739076923598994 0.01214200161455507 0.02607830921084221 -0.01469639850974378 0.0293898333739069 -0.02780418995543915 -0.01169607424439936 -0.005127702105690741 0.01777014012751262 0.05872438930827194 -0.01562689858585108 -0.04536474564979945 -0.04015581720110092 -0.04901986951814523 -0.02885689056803135 -0.01963896747132321 0.01909547970918194 -0.07433224860980264 -0.102231416326948 -0.04381836814162866 -0.1128759533360778 -0.1104983340091019 -0.1110598667706997 -0.1203346889987139 0.6339522343408498 -0.04680222814630426 -0.0809246671754633 -0.1198291934227233 -0.04900586970779523 -0.07418056287256769 -0.07038469070435469 -0.06939289929176078 -0.1048733917808455 -0.088482095461639 -0.09236542605096631 -0.07157387403916439 -0.08727596990688548 -0.08567088026683033 -0.06798950852770527 -0.05599270037160451 -0.05967085014437855 -0.06450085723179452 -0.06428662251564403 -0.05827468522884212 -0.06319305713090657 -0.06319386832754607 -0.05497736696793377 0.2133278578860733 -0.04167640136160006 0.1539628047364864 0.1067024776214331 -0.02370816478789841 -0.07613176568616782 -0.007864338995973452 -0.01496817662742864 -0.0482912276574846 -0.05437106542052995 -0.04740786218532037 0.0264656327852317 0.1998288307893695 0.3173705514304786 0.003136697749883544 0.08657635591175539 0.006836893350832346 0.117259691165647 0.1083118300328715 0.04265788059668361 0.0238950346765013 0.007214189443768498 0.03082388549762024 0.02630151462542143 0.04280810471155198 0.09293601503436953 0.1293236522523738 0.04531446768360461 0.05632830294067338 0.0498037808011358 0.02991310442319737 0.04445034379571453 0.08245376728968909 