# Created by Octave 4.2.2, Sat Aug 04 19:42:25 2018 CEST <arun@hplaptop>
# name: vect_mad
# type: matrix
# rows: 1
# columns: 120
 0.7837577160493827 0.7833719135802469 9.430169753086419 11.1934799382716 12.91608796296296 18.9633487654321 20.94444444444444 23.35783179012346 33.94791666666666 42.63483796296296 35.1082175925926 31.0835262345679 31.95505401234568 23.3744212962963 23.03993055555556 23.68672839506173 16.85976080246914 13.64236111111111 8.510223765432098 7.879436728395062 9.722222222222221 11.36651234567901 12.00173611111111 12.44675925925926 10.23341049382716 10.09953703703704 9.811149691358025 8.316165123456789 7.315007716049383 7.531442901234568 7.30324074074074 7.088541666666667 7.785300925925926 8.019483024691358 7.05883487654321 8.954668209876543 8.321180555555555 9.070987654320987 9.022762345679013 8.221257716049383 8.245177469135802 8.092399691358025 6.937114197530864 5.540702160493828 4.495949074074074 4.848186728395062 3.628858024691358 5.455825617283951 5.244598765432099 4.452932098765432 5.716820987654321 5.094907407407407 5.07349537037037 5.24266975308642 6.786072530864198 16.63001543209877 39.57137345679013 49.30401234567901 42.19656635802469 43.59722222222222 37.66801697530864 18.52951388888889 11.06770833333333 6.048418209876544 6.44945987654321 6.636766975308642 7.308449074074074 5.483217592592593 6.686921296296297 6.324266975308642 4.954089506172839 6.147762345679013 4.505787037037037 5.923996913580247 5.440200617283951 6.657986111111111 7.293595679012346 6.222029320987654 6.849537037037037 6.198302469135802 5.965663580246914 6.670717592592593 6.418788580246914 6.985918209876544 6.055941358024691 6.053819444444445 5.658371913580247 5.640239197530864 5.621527777777778 5.816358024691358 5.962577160493828 7.919174382716049 26.89525462962963 46.69907407407408 39.30902777777778 23.10783179012346 18.3125 16.56346450617284 12.70968364197531 15.81500771604938 16.64197530864197 10.41936728395062 9.543788580246913 9.421875 7.630401234567901 7.890432098765432 10.27777777777778 10.6400462962963 9.756558641975309 9.846836419753087 7.912422839506172 8.548225308641975 11.2662037037037 7.981288580246914 7.977237654320987 7.926311728395062 6.961805555555555 5.834683641975309 5.580246913580247 4.563078703703703


