# Created by Octave 4.2.2, Sat Aug 04 19:42:25 2018 CEST <arun@hplaptop>
# name: vect_msd
# type: matrix
# rows: 1
# columns: 120
 3.584297839506173 2.914158950617284 827.3811728395061 1046.753665123457 1094.056520061728 1862.292052469136 2058.463348765432 2419.437692901235 4073.637345679012 5734.111304012345 4557.102430555556 3884.752893518519 4050.163387345679 2744.422260802469 2672.017168209877 2888.812114197531 1859.802662037037 1369.21875 352.2991898148148 212.5978009259259 288.1697530864197 387.804012345679 434.5542052469136 446.1161265432099 332.5219907407408 334.1261574074074 340.2104552469136 260.680362654321 185.9527391975309 177.0800540123457 137.4826388888889 97.60435956790124 107.4951774691358 108.2540509259259 83.81423611111111 106.4600694444444 109.7563657407407 121.8915895061728 115.141975308642 97.57118055555556 104.6259645061728 101.1865354938272 98.85956790123457 87.09934413580247 73.24942129629629 63.4326774691358 55.78356481481482 102.4504243827161 136.3275462962963 103.1967592592593 137.179012345679 176.9124228395062 171.7559799382716 183.8568672839506 271.3659336419753 1107.744212962963 4308.226080246914 4988.490354938272 3447.150655864198 3297.145061728395 2835.279513888889 994.441936728395 522.7787422839506 145.6278935185185 111.6670524691358 104.2498070987654 97.34432870370371 87.80304783950618 129.5900848765432 72.96624228395062 52.94483024691358 71.79475308641975 43.94483024691358 58.71257716049383 63.35841049382716 142.9400077160494 170.8329475308642 115.4836033950617 128.7434413580247 141.1755401234568 93.01234567901234 124.563850308642 125.1842206790123 226.796875 200.0524691358025 240.8744212962963 207.8362268518518 223.7579089506173 264.9945987654321 273.2951388888889 316.837962962963 467.8721064814815 2506.747106481481 5505.855709876543 4237.209104938272 1043.201195987654 712.0335648148148 568.3944830246913 432.896412037037 575.3269675925926 628.3491512345679 331.7808641975309 253.2305169753086 246.9731867283951 196.9996141975309 191.7920524691358 293.0343364197531 309.3815586419753 280.6269290123457 276.4363425925926 213.4116512345679 220.7291666666667 316.9741512345679 148.296875 158.7337962962963 181.5721450617284 157.0297067901235 128.7135416666667 96.27816358024691 94.90644290123457


